-0.06875112969963322,-0.9966939179050057,-0.04329568311268342
-0.06875112969963322,-0.9966939179050057,-0.04329568311268342
-0.06875112969963322,-0.9966939179050057,-0.04329568311268342
-0.06933908469978052,-0.997349027606307,-0.0220682682997757
-0.0694085742815177,-0.9973980898138667,-0.019480766203029194
-0.06977082585914157,-0.9975467498936347,-0.005702072919520786
-0.06969114611271317,-0.997530002714281,-0.008777120162274943
-0.06987178362783265,-0.997554409998418,-0.0017700128173181817
-0.07006573331344142,-0.9975248924059431,0.005906102417118085
-0.06993455652821962,-0.9975513380989472,0.0006968932494760008
-0.07004224843377768,-0.9975316557189912,0.004967823755848342
-0.06802484743688607,-0.9976800584933526,-0.0026685231662721704
-0.06825234356258536,-0.997667410646604,0.0011641872338045247
-0.06826460439576824,-0.9976608793964283,-0.0035656007396526503
-0.06832999596969667,-0.9976491586736621,-0.005212278629871914
-0.0683338596663453,-0.9976229719573477,-0.008881973096626876
-0.06838782629035417,-0.9976091578818198,-0.009953558439413179
-0.06843557357299175,-0.9975959593082527,-0.0109029464633534
-0.06859407743088766,-0.9976203832467194,-0.00695869758460842
-0.06858255290738526,-0.9975973572653054,-0.00979521383045984
-0.06861399048007251,-0.997586786726983,-0.01061712099080884
-0.06870415903060718,-0.997597840799292,-0.008847969512126784
-0.06876635466737302,-0.997600263993358,-0.008056161998327186
-0.06880479906482152,-0.9975973296281824,-0.008091201664094093
-0.0688940867879377,-0.9976064028796695,-0.0059219708832950165
-0.06887281681333822,-0.9975921314009006,-0.008153187794020338
-0.06893645900301254,-0.9975977139825635,-0.006823904812463242
-0.06899569334053483,-0.9976013276894073,-0.005584379355884832
-0.06901969784088888,-0.9975990181093461,-0.005699155834038914
-0.06904209340157656,-0.9975968508761129,-0.005806243259665007
-0.06906303653901469,-0.997594813313582,-0.005906389239646036
-0.06909689263873847,-0.9975952057346251,-0.00542447444104255
-0.06912873066494785,-0.9975953623659488,-0.004971074592519799
-0.06921247716325897,-0.9975991492451416,-0.0023601759033835944
-0.0692916505975307,-0.9975964376027506,0.00012181859814736887
-0.0693666110488659,-0.9975881425261338,0.0024841825322179474
-0.06938799105952553,-0.9975861426579278,0.0026822888732901027
-0.06940825584998786,-0.9975842102957414,0.002870085100616444
-0.06942749045777163,-0.9975823430156611,0.0030483556419530176
-0.06946882455819572,-0.9975754187127115,0.004167300644421226
-0.06950819793489674,-0.9975676425209026,0.005235361986716585
-0.0695127380505127,-0.9975690719707023,0.004891410454308101
-0.06951705477552417,-0.9975703237368849,0.004563802671377219
-0.0695211641822333,-0.9975714176546857,0.004251400847683049
-0.0695250808388616,-0.9975723710980229,0.003953170400838191
-0.06952881798130539,-0.9975731993241764,0.003668168514344053
-0.06951267238766103,-0.9975777083755087,0.002589233437543065
-0.06949717572217474,-0.9975809305454684,0.0015587105820051045
-0.06950121077896192,-0.9975809647503883,0.0013418151671546945
-0.06950507875039758,-0.9975809534424462,0.0011337357544388058
-0.06950878980030334,-0.9975809019253388,0.0009339455684163842
-0.06953021851627988,-0.9975787680541475,0.0014663698878117143
-0.06955085441098197,-0.9975764431838191,0.001979559401164205
-0.06957074064591888,-0.9975739514992366,0.0024745375683338003
-0.06958991730802334,-0.9975713145386834,0.0029522565311377144
-0.06959178816824038,-0.9975717986727906,0.002736697330770718
-0.06959358911219364,-0.9975722216052778,0.002528840839928646
-0.06959532397992543,-0.997572588830286,0.0023282814628393118
-0.06962106601293533,-0.9975686578542463,0.003111275317309214
-0.06964596880932611,-0.9975642647377095,0.0038699802225865927
-0.06964676436077902,-0.9975650146691357,0.003656463078021257
-0.06964753071954403,-0.9975656966689334,0.0034499701586745975
-0.06964826944706388,-0.9975663161012902,0.0032501604775737308
-0.06966358344841792,-0.9975638657589991,0.003649503128745992
-0.06967843422516183,-0.9975613355010515,0.004037043136799431
-0.0696928424648721,-0.9975587353774961,0.004413295958494594
-0.06971381211420835,-0.997554182777885,0.005063281826138026
-0.06973417813859564,-0.9975493503848663,0.005695432035056715
-0.06975396615350513,-0.9975442657715731,0.006310470038638223
-0.06977320034917689,-0.9975389541850421,0.006909080723669042
-0.06977209347566808,-0.9975405860569475,0.006680878773374556
-0.06977101462793717,-0.9975421217247082,0.0064591719868549
-0.06977638747124121,-0.9975414413584182,0.006506037506258898
-0.06978161573309581,-0.9975407771501703,0.006551643176536049
-0.06978670517194364,-0.9975401285407551,0.0065960391249512765
-0.0698104700274577,-0.9975327666878719,0.00740794563864145
-0.06983363068038484,-0.9975249431238506,0.008200723855489289
-0.06985620972113867,-0.9975166959065789,0.008975040446602403
-0.06984200166816294,-0.997524003630991,0.008243602548823134
-0.06985190473060104,-0.9975211145429297,0.008505142358501732
-0.06986156653701696,-0.9975182285820304,0.008760431927821034
-0.0698709957925073,-0.9975153479450655,0.009009692613977084
-0.06987453253547346,-0.9975150035201762,0.009020391072005803
-0.06987798518861461,-0.997514667161237,0.009030835187622826
-0.06988135671568321,-0.9975143385882507,0.00904103392428551
-0.06987917633794274,-0.9975164126231487,0.00882650903668325
-0.06987704439011584,-0.997518393337488,0.008617054061470451
-0.06988030992034323,-0.9975180388961657,0.008631590941664078
-0.06988350220713839,-0.9975176921889103,0.008645801835300834
-0.06988662368736495,-0.9975173529655004,0.008659697586061499
-0.06987932578239218,-0.9975213399727453,0.008249613759274728
-0.06987218424046954,-0.9975250732723113,0.00784895295793107
-0.06987025722824029,-0.9975266456824846,0.00766409213868443
-0.06986836998510743,-0.9975281507698991,0.007483267816257507
-0.0698665212967365,-0.9975295917730195,0.007306349228277491
-0.06985489452943526,-0.9975344372037779,0.006733520834136381
-0.06984350560715795,-0.9975388576960748,0.006173500701647449
-0.0698419621012074,-0.997539927880219,0.006016029802215153
-0.06984044883862714,-0.9975409519538618,0.005861815503938889
-0.06983896494192228,-0.9975419320614376,0.005710757828450705
-0.06983284483597683,-0.9975442332631979,0.005373682671421549
-0.06984070689414483,-0.9975424100407985,0.005604982651314542
-0.06984841825822921,-0.9975405689778681,0.005831955944172253
-0.06985598321607607,-0.9975387120011002,0.006054722793106355
-0.0698634058945151,-0.9975368409143877,0.00627339902778166
-0.0698530874463137,-0.9975405795288514,0.005773938643671117
-0.06984296108634272,-0.9975440009648747,0.005284593237105297
-0.06985922985341038,-0.9975396151694622,0.005865506955894038
-0.06987520569809005,-0.9975349735623256,0.006436780923725647
-0.06989089639814397,-0.9975300905050141,0.006998652564766631
-0.06988910249216729,-0.9975312354943842,0.006851829382475214
-0.0698873399560268,-0.9975323386044673,0.006707693506193554
-0.0698937802520462,-0.9975305895178678,0.006898003929675153
-0.06990010907844671,-0.9975288347738512,0.007085093192310106
-0.06990632930236436,-0.9975270753951971,0.007269042369825614
-0.06990040718973355,-0.9975296900402808,0.0069606438531863
-0.06989458542707043,-0.997532165158964,0.00665780754057805
-0.06988886149706103,-0.9975345069465928,0.006360384380085482
-0.0698794398987478,-0.9975379097332605,0.005914602643844183
-0.06986588592661949,-0.9975422943312395,0.005303678351424717
-0.06985255567265128,-0.9975462360420179,0.00470397963451419
-0.06983944372665854,-0.9975497567662845,0.004115200539164865
-0.069853595915833,-0.9975465278409104,0.00462600585510977
-0.0698675244054288,-0.9975430910466965,0.0051293799292955015
-0.06988123441442542,-0.9975394563692411,0.005625483381462931
-0.0698759743871697,-0.9975413081408665,0.005356001871966782
-0.06987079660965108,-0.9975430585332732,0.005090987449945659
-0.06987677714661655,-0.9975416711605215,0.005277339658958621
-0.0698826660414978,-0.9975402705892449,0.005460910150214739
-0.06988102748409916,-0.9975410323379414,0.00534142302394169
-0.06987941352564848,-0.9975417682841539,0.005223800707807488
-0.06987798370137305,-0.9975424353072904,0.005114406615714298
-0.06987657504324124,-0.9975430804088485,0.00500669438370163
-0.06987518708544613,-0.9975437043554716,0.004900625525122484
-0.06987047444058521,-0.9975451815263316,0.004661288989710959
-0.06986583079945649,-0.9975465799961978,0.004425655272503737
-0.0698680029896526,-0.9975462513498178,0.004465263280494734
-0.06987014386083083,-0.9975459258895525,0.004504302168192339
-0.0698722540854698,-0.9975456035798596,0.004542784114304445
-0.06986081976300174,-0.9975485792218552,0.004037072515971348
-0.06984954808276621,-0.9975512587379591,0.0035393252106112666
-0.06984842586714252,-0.9975516502339132,0.003450002822998227
-0.06984731911158142,-0.9975520283552923,0.003361954367166362
-0.0698462274992062,-0.9975523935505177,0.003275152784529623
-0.06985819973976386,-0.9975500213940403,0.003713050749569826
-0.06987001115430787,-0.9975474905897632,0.004145546931723808
-0.06987522693222309,-0.9975464120689885,0.004313748886755885
-0.06987397647724014,-0.9975468896583627,0.004222599221371627
-0.06987274259073885,-0.9975473525824284,0.004132698711045326
-0.06987468071247556,-0.9975470582799039,0.004170792783128493
-0.06987659329565644,-0.9975467664172755,0.0042083868442734556
-0.0698784808417435,-0.9975464769744725,0.004245490674617681
-0.06988653338189614,-0.9975446572498108,0.004530920901843837
-0.06989448290385336,-0.9975427796726586,0.004812897521115507
-0.06989011034164887,-0.997544092304898,0.004599606942916721
-0.06988579361243373,-0.9975453427526085,0.0043891916956470675
-0.06988756303156542,-0.9975450651036044,0.004423982476748373
-0.06988931016293319,-0.997544789750899,0.004458336661149784
-0.06987912161373118,-0.9975473918127629,0.004013657938538888
-0.06986906095522029,-0.9975497644807629,0.00357515113112586
-0.06987088915750507,-0.9975494962973727,0.0036140400105247627
-0.06987269490872093,-0.9975492299076978,0.0036524535249304606
-0.06987447861988828,-0.9975489653059388,0.0036904003372898665
-0.06987624069205801,-0.9975487024857909,0.003727888901325773
-0.06987798151660926,-0.9975484414404778,0.003764927467822166
-0.06987970147554042,-0.9975481821627852,0.0038015240906725772
-0.06988140094174489,-0.997547924645091,0.0038376866327190676
-0.06988602650610382,-0.9975469966936956,0.003991576953551887
-0.06988766880331987,-0.997546742463959,0.004026207741918972
-0.06988929187570538,-0.9975464900192521,0.004060434876039349
-0.06989089605885436,-0.9975462393489092,0.004094265372351934
-0.06989248168059536,-0.997545990442044,0.004127706085622322
-0.07016496342425213,-0.9974862843044164,0.009899016731079638
-0.07016496342425213,-0.9974862843044164,0.009899016731079638
-0.07016496342425213,-0.9974862843044164,0.009899016731081619
-0.07016496342425213,-0.9974862843044164,0.009899016731079638
-0.07016496342425241,-0.9974862843044164,0.009899016731079678
-0.07016496342425213,-0.9974862843044164,0.009899016731077657
-0.07310776482607527,-0.9973219669214053,0.002036913880061621
-0.07526305252422864,-0.997156737634598,-0.003730082393294878
-0.07970986832084417,-0.9968149030733112,0.002527034471255373
-0.0833243429600085,-0.9964933637102913,0.00761773927304883
-0.08631983909345646,-0.99619711994464,0.011839915239743228
-0.08851584092785801,-0.9960354893102881,0.008845899572642152
-0.09035627581506704,-0.9958893551064807,0.006335282663749711
-0.09192099051578055,-0.9957574469754663,0.00419979707833738
-0.09466480704356921,-0.9955083309840123,0.0013180473550311658
-0.09704184920537463,-0.9952796027292353,-0.001179785547003864
-0.10047468599987551,-0.9949373097570855,-0.002141757820040558
-0.10351302463122176,-0.9946235935923962,-0.002993459711487812
-0.10744993841748687,-0.9941997102476194,-0.004631077372263325
-0.11098430571328596,-0.9938034267315363,-0.006101876924025798
-0.11543422444552787,-0.9933040451369752,-0.004691880346001415
-0.1195035781632013,-0.9928279425112831,-0.0034016723833683853
-0.12323898422676119,-0.9923745457879043,-0.002216672958891965
-0.12766801235839909,-0.9918169275716113,-0.0002465823691029909
-0.1317698976910943,-0.9912790728044293,0.0015792031122573238
-0.1371808442288427,-0.9905422764327947,0.0027229719056412883
-0.14220696680973471,-0.9898297044495892,0.0037861299520496145
-0.1468875389978751,-0.9891416646599503,0.004776831679069223
-0.15210222151852046,-0.9883437604315415,0.006444022437157844
-0.15698962212725526,-0.9875677872748627,0.008007751330621865
-0.16210737804590633,-0.9867381820914247,0.008304094531737891
-0.1669037773222276,-0.9859358401339858,0.008581856143278128
-0.1714078509568038,-0.9851604717335758,0.008842712482521792
-0.17655345743970066,-0.9842429522611104,0.009730754874180132
-0.18142158956670806,-0.9833485909580766,0.010571447386915156
-0.18674124213360827,-0.9823361227771173,0.0119770770064082
-0.1917950050045877,-0.9813447028683184,0.013313534751594427
-0.19660192019897949,-0.9803748988932035,0.01458569827656558
-0.20174459537049272,-0.9793097789426697,0.015857966643160512
-0.20664609126413772,-0.9782668127872367,0.01707149566836953
-0.21123293666572052,-0.9772743252517286,0.017763436361080874
-0.21560747458758994,-0.9763062973141419,0.01842364585830496
-0.21978385440582188,-0.9753624936683407,0.019054219679549324
-0.2237750170831259,-0.9744425796790698,0.01965707602484408
-0.2276117439513153,-0.973541678147311,0.02023598096357871
-0.23128515575752173,-0.9726638338825706,0.02079045413351881
-0.2353778163503572,-0.9716593898270601,0.02180169101337555
-0.23930690093212473,-0.9706768724034115,0.02277315409410359
-0.24307114433132485,-0.9697191467019123,0.02368956127021385
-0.24669045684865357,-0.9687827794255902,0.024571218696491433
-0.2501728941446607,-0.9678674212716346,0.025420029037760677
-0.2539027288729321,-0.9668936612718046,0.0254961185925028
-0.2574933379076741,-0.9659417182057354,0.02556908216804238
-0.2615739595849739,-0.9648207343582977,0.026457781829802223
-0.26551469989366694,-0.9637197464520529,0.027316559790113534
-0.2693224261249489,-0.962638657605203,0.02814685897616552
-0.27300357615612864,-0.9615773203187918,0.028950033756395648
-0.27705534280576033,-0.9603811318866404,0.030139982397441808
-0.2809791199975118,-0.959203557364341,0.03129328466327879
-0.28456502531564654,-0.958132460300597,0.031700707964185074
-0.28803442836058885,-0.9570820682041645,0.032094903038144926
-0.29139277808545094,-0.9560520522408453,0.032476488198558626
-0.2950944290110717,-0.9548905790791586,0.03321535717854813
-0.2986833219786149,-0.9537488587700386,0.03393210230251334
-0.3024614664211137,-0.9525537651496474,0.03403506764529342
-0.30612489589194564,-0.9513792002830149,0.0341345189507086
-0.3096785933122434,-0.9502249381803415,0.03423062523993005
-0.31344714454403,-0.9489839120860047,0.034357272579993076
-0.3171049166509454,-0.9477634792785836,0.03447983731909041
-0.3206565585271273,-0.946563423598022,0.03459850545804617
-0.3239955229934148,-0.9454328301823435,0.034404428401411384
-0.32723753309423953,-0.9443224590726316,0.034215350727625396
-0.3309422252117721,-0.9430249008916579,0.034369752256299235
-0.33454791398717987,-0.9417462938802077,0.034519722040014585
-0.33805835381004345,-0.9404865000248221,0.034665439421758586
-0.34175872065253093,-0.9391418241657455,0.034836919504761324
-0.3456507401350616,-0.9377086536862741,0.035043496485928555
-0.34944147801300907,-0.9362950839776761,0.03524442031470865
-0.35313464507492537,-0.9349010297172082,0.035439908034731085
-0.3567236667620669,-0.9335306275357017,0.03562012106415287
-0.3602223665808102,-0.9321794491892458,0.03579554614969343
-0.3659057190810583,-0.9299857260892674,0.03520730057802969
-0.37144392015602334,-0.9278092895837254,0.03463143573790344
-0.37720249253992677,-0.9254933115214957,0.034357094618758834
-0.3828186599309585,-0.9231944054006802,0.03408758491811301
-0.38829699037648185,-0.9209133858613534,0.03382281782975297
-0.3936606210637933,-0.9186342214673885,0.0338006297674137
-0.3989037907600443,-0.9163704642729557,0.03377777265354362
-0.40434469913329635,-0.9139562359327189,0.034487143727778925
-0.4096744195487719,-0.9115530981118273,0.03518265609794721
-0.4148957338998227,-0.9091618435049921,0.03586463866166632
-0.4199209732566391,-0.906834250671735,0.03630451800850548
-0.4245742661372752,-0.9046580098985255,0.036477084045105836
-0.4291256058102656,-0.9025011543938475,0.036645337435273956
-0.43357793357849606,-0.9003639498852324,0.036809418100046794
-0.43808796431450175,-0.8981708956497654,0.03698618296707649
-0.4425046521987795,-0.8959960134208949,0.03715880402139949
-0.44666972723378606,-0.8939381692346994,0.03688772638980568
-0.4507412124838874,-0.8919031538013161,0.036621354532852854
-0.454631326880336,-0.8899292181350555,0.03655602998896
-0.45843845414106915,-0.8879766720516004,0.036491281930231274
-0.4621649925118193,-0.8860454756276265,0.03642711649806221
-0.4657010475189613,-0.8842036295183294,0.03614520557909469
-0.46916171781352506,-0.8823835657364343,0.03586816773293916
-0.47270028055135827,-0.8805034754311324,0.03561003398432026
-0.4761669710494362,-0.8786438219476612,0.03535604382297344
-0.47958950182608723,-0.8767901903786389,0.03511227412167377
-0.4829404695361112,-0.8749585168569243,0.034872577532663984
-0.48622193125596874,-0.8731486249031551,0.0346368646884406
-0.4889555621231309,-0.8716540921169074,0.03378760075387094
-0.4916301884383508,-0.8701802915040266,0.03295478863592829
-0.49482094762001655,-0.8683706005264612,0.03293523854083891
-0.49794911981778694,-0.8665813506578295,0.03291560062862572
-0.500902348503389,-0.8648858818258425,0.0326993682220978
-0.5037997276039674,-0.8632093985963561,0.032486437802341006
-0.5067620405155565,-0.8614740490142151,0.03247610148344968
-0.5096678822844763,-0.859758475739385,0.032465568868363395
-0.5125187391582872,-0.8580624828162934,0.032454854717557186
-0.5152999081290954,-0.8563960451214827,0.032431752688209387
-0.518031518123858,-0.8547473447345653,0.03240868555652101
-0.5206312924793712,-0.8531734855110642,0.03221895268566718
-0.5231822392625263,-0.8516186270671712,0.03203214873334662
-0.5259714651291192,-0.849886008941072,0.03236957948666863
-0.5287143925402208,-0.8481696099040302,0.03270174240114348
-0.5314120632381318,-0.846469326544479,0.03302874905787014
-0.5335359007862396,-0.8451471567348078,0.03264545964274866
-0.5359575760972786,-0.8436142894866543,0.03262525398916145
-0.5383383696906441,-0.8420978017561167,0.0326050915707249
-0.5405754696376318,-0.8406707198322045,0.03241762549689136
-0.5427728918017241,-0.8392607610356314,0.03223294760158857
-0.5451295309874019,-0.8377262466548576,0.03238101466939766
-0.5474482846688641,-0.8362071444117833,0.032526715908765526
-0.5497299956163042,-0.8347032983323255,0.03267010365509919
-0.5519687185511032,-0.8332192295326399,0.032806238401970014
-0.5541721651435414,-0.8317500540449991,0.03294023339717823
-0.555966946909701,-0.8305711559919376,0.03243930914988896
-0.5577300830267232,-0.8294073707621712,0.03194632705627685
-0.5596167870116541,-0.8281365208919087,0.03192106608179513
-0.5614991281858424,-0.8268679718505768,0.031750372820689016
-0.5633503303306678,-0.8256143029597909,0.03158208455035743
-0.5651711262376204,-0.8243752927922199,0.03141615350487049
-0.5666893477254135,-0.8233559608585436,0.030791961503773585
-0.568181419465888,-0.822349797535254,0.030177559004256584
-0.5696479913914255,-0.8213565729308233,0.02957272403833801
-0.5714517182793413,-0.8201024467991155,0.029578884862215108
-0.5732274074563346,-0.8188620627450789,0.029584819380279084
-0.5748830344029753,-0.8177058137686606,0.029439750076388875
-0.5765128029483769,-0.8165627322639029,0.029296626329930953
-0.5783948378961306,-0.8152202579298587,0.029586188600143774
-0.5801592729691513,-0.8139604981272125,0.02972415644565941
-0.5818987728517822,-0.8127128544611999,0.029860246936660572
-0.5832305738046006,-0.8117687052017633,0.02955785910056938
-0.5845421456646813,-0.8108355900927613,0.029259627144827733
-0.585833932810486,-0.8099133316661375,0.028965468358998308
-0.587106367048047,-0.8090017557573653,0.028675302145645353
-0.5886408813152626,-0.8078855381808204,0.028685711472388808
-0.5901646168286637,-0.8067731209386018,0.02868547323062658
-0.5916673611651762,-0.8056717052276332,0.028685137744741816
-0.5931495256778136,-0.8045811504609235,0.028684708664397606
-0.5943492567419256,-0.8037093351845533,0.02828896511934994
-0.5955310471592132,-0.8028477058382423,0.027898621824779788
-0.5971661099786809,-0.8016308010209994,0.027940936765990736
-0.5987785251589578,-0.8004256686822605,0.027982614656597127
-0.6002418242042755,-0.7993242264878105,0.02811642625916432
-0.6016861573161917,-0.7982329140861762,0.02824859224043205
-0.603111872854693,-0.7971516124022383,0.028379141393218663
-0.6043612790973925,-0.7962093252854304,0.02825163103757392
-0.6055941595813316,-0.7952764708538398,0.028125589544799517
-0.606810828776282,-0.7943529206163489,0.028000992627377767
-0.6080115934830478,-0.7934385480533622,0.02787781650663268
-0.6091967530582214,-0.792533228592595,0.027756037900215854
-0.6103459518761359,-0.7916525516976827,0.027641570486524283
-0.6114797762965246,-0.7907810490567235,0.027528451338571056
-0.6128534941247967,-0.7897079854821147,0.027782951693578858
-0.6142106483524198,-0.7886439869256882,0.02803464528855453
-0.6152270260508483,-0.7878595463000683,0.027803627829466684
-0.6162298459900489,-0.7870834603565229,0.02757541195127598
-0.6174442106160484,-0.7861264877717302,0.02770905989759651
-0.6186433894790659,-0.7851784689045813,0.027841131846787735
-0.6197754387574712,-0.7842849711572664,0.027847612641476754
-0.6208938282351579,-0.783399649389882,0.027853965521984974
-0.6219207899758699,-0.7825886964387148,0.027739199738690924
-0.6229352850641308,-0.7817854267082881,0.027625662138847665
-0.6239375324914492,-0.7809897387398025,0.027513333705984445
-0.6249819677170639,-0.7801537163539789,0.02752669409104975
-0.6260136239511291,-0.7793256693605983,0.02753985663052014
-0.6270327272706321,-0.7785054917893744,0.027552825360341832
-0.6280394986009776,-0.7776930793451828,0.02756560421321765
-0.6290341538578534,-0.77688832938162,0.027578197021743394
-0.6298662966053135,-0.7762177330972561,0.027467785241336796
-0.6306885347461086,-0.7755536611017253,0.027358561576163797
-0.631501040425673,-0.7748960225679591,0.02725050732829924
-0.6323779671333153,-0.7741840529210955,0.027150670102258242
-0.6334073775776512,-0.7733380031643969,0.027265855788990833
-0.6344254772267919,-0.772498969262272,0.027379852707505835
-0.6352704837571116,-0.7718077315353308,0.027280725967105707
-0.6361055941035851,-0.7711230623218743,0.027182639780928046
-0.6370032640598683,-0.7703812056912431,0.02719631399252634
-0.6378906924948343,-0.7696460814760079,0.02720980883959097
-0.6387680490156397,-0.7689176034391583,0.0272231276332217
-0.6396354995979743,-0.7681956866932141,0.027236273606918902
-0.6404932066803781,-0.7674802476775223,0.02724924991877216
-0.6413413292557294,-0.7667712041358488,0.027262059653563795
-0.6420431357225992,-0.7661906938782997,0.027063489903953762
-0.6428013296420299,-0.7655545877974732,0.027067022604623084
-0.6435513303140884,-0.7649240966336374,0.02707049390352868
-0.644293266956917,-0.764299149428391,0.027073905093670615
-0.6450323214858449,-0.7636786597906284,0.02698534452200751
-0.645763235171323,-0.7630637980040351,0.026897663034615844
-0.6465717908723912,-0.7623785979801296,0.026903393650628864
-0.6473720245207464,-0.7616989992141434,0.026909040564136077
-0.648075291799595,-0.7611038850559431,0.026819625493644188
-0.6487709735387897,-0.7605140847554686,0.02673108269567986
-0.6494835960085226,-0.759908845857131,0.026638402803497923
-0.6501889033203371,-0.7593086784814107,0.026546577593187345
-0.6507300191700881,-0.7588517400972901,0.026352963822154223
-0.6512654103702779,-0.7583989409890433,0.026161260709902073
-0.6517951661256677,-0.7579502263988454,0.025971440413509298
-0.6524742388393469,-0.7573687108996146,0.025884423912284075
-0.6531465094117226,-0.7567919730924901,0.025798191914515784
-0.6538495476117618,-0.756184137930045,0.02581314841101434
-0.6545454432061177,-0.7555813524353472,0.02582794281545813
-0.6553849376747883,-0.7548463507214068,0.026030180014531727
-0.6562165329408931,-0.7541165780126855,0.026230681681400685
-0.6568938145708291,-0.753526139919436,0.02624638711708624
-0.6575643288141362,-0.7529405452419242,0.026261926852549126
-0.6582281744267272,-0.7523597369050881,0.026277303418821608
-0.6588854482904067,-0.7517836586812521,0.02629251929694717
-0.6595362454562693,-0.7512122551756522,0.026307576919177372
-0.6601806591869379,-0.7506454718121996,0.026322478670145057
-0.6609028540135344,-0.7500061286186624,0.026423939736744933
-0.6616184002715687,-0.749371431142611,0.02652452844755684
-0.6623026700504744,-0.7487630375283103,0.02662868519830916
-0.6629804359410386,-0.7481593054465127,0.026731914133152446
-0.6635318041595262,-0.7476732064306612,0.02665185274044179
-0.6640778305696687,-0.7471910981496643,0.026572500668567135
-0.6647593456919124,-0.7465814497232353,0.026667419155459792
-0.6654347565605324,-0.7459761421146672,0.026761542499315744
-0.6661041424901863,-0.7453751315650121,0.026854880410352912
-0.666595326950622,-0.7449420533758709,0.026683463038640425
-0.667081949998603,-0.744512394275064,0.02651352026557371
-0.6675389182410757,-0.7441057310963858,0.026428272418899865
-0.6681898006254146,-0.7435178999427514,0.02652400431476013
-0.668834990044931,-0.742934174322083,0.026618954073403766
-0.6694745587997967,-0.7423545135250266,0.02671313101900538
-0.6699128914394362,-0.7419647987379135,0.02655099465296087
-0.670542059109993,-0.7413928858797554,0.026644619183216853
-0.6711658130974164,-0.7408249171727048,0.026737491006801704
-0.6716487279341695,-0.7403897540109231,0.0266645536256781
-0.6721272294463354,-0.7399579993551114,0.0265922286988879
-0.6726808864886481,-0.739454434712432,0.026600074002985072
-0.673229792072383,-0.7389544436445464,0.026607842531006325
-0.6736360198434239,-0.7385871025201973,0.02652554919939858
-0.6740386706048173,-0.738222587730887,0.026443931122347903
-0.6745502696476932,-0.7377546960824208,0.026456419382815094
-0.6750573768863773,-0.737290269090168,0.026468793252265956
-0.675451169204891,-0.7369323098017364,0.026391074059677447
-0.6758415477673967,-0.7365770676657073,0.026313982981632796
-0.6762285563035868,-0.7362245123448137,0.026237512500386324
-0.6766639153328697,-0.7358269026124205,0.02616706093932782
-0.6770954794865821,-0.7354322871969022,0.02609717622978764
-0.6777084671301793,-0.7348613995995439,0.026267031782484095
-0.6783165532423219,-0.7342940897384476,0.026435645871457497
-0.6788673473690091,-0.7337817390849765,0.026523273960671095
-0.679413716273738,-0.7332727303264365,0.026610244243936126
-0.6798794495305202,-0.7328405240437029,0.026621427937432402
-0.6803412692432085,-0.7324114052817453,0.026632513545645272
-0.6807992237551632,-0.7319853418738718,0.02664350232529853
-0.6812533606283778,-0.7315623020853548,0.026654395512135894
-0.6817037266589928,-0.7311422546064791,0.02666519432135597
-0.6822255423507039,-0.7306522897745019,0.026749594605625995
-0.6827432772076247,-0.7301654519788319,0.026833377803408855
-0.6830782645711739,-0.7298574463078257,0.02668693574490552
-0.6834609634753002,-0.7295015968171673,0.026618257768259802
-0.6838405039722486,-0.7291483093441445,0.02655010560349849
-0.6842695242822412,-0.7287453131395237,0.026560999900848294
-0.684695077717812,-0.7283451035282233,0.026571803014867622
-0.6851172055123583,-0.7279476523423083,0.026582516063362736
-0.6855359482569189,-0.7275529317820446,0.026593140146256133
-0.6859513459124441,-0.7271609144101376,0.026603676345929042
-0.6863871727210906,-0.7267492971188987,0.026610303664827833
-0.6869203397258606,-0.7262395679631948,0.02676820493683113
-0.6874495453706544,-0.7257328469845038,0.026925032543106527
-0.6878511413916071,-0.725351885723056,0.026934163515321827
-0.6882495870273687,-0.7249734952970143,0.026943219434331502
-0.6886449186861963,-0.7245976502984309,0.026952201202775732
-0.6892080551656542,-0.7240535462275131,0.027179383549657363
-0.6897671213513168,-0.7235124597399536,0.027405089012077524
-0.6902024905515968,-0.7230940254228528,0.02748731405844815
-0.690634540096374,-0.7226782721410021,0.02756894994673493
-0.6910369394172459,-0.7222933865428184,0.0275719443883119
-0.6914363767417843,-0.7219109095047285,0.027574909904640534
-0.6918328841257387,-0.7215308190257841,0.027577846874682097
-0.6922264931708533,-0.7211530933643626,0.027580755671180037
-0.6926172350327614,-0.7207777110345036,0.027583636660784085
-0.6930499149730245,-0.7203589366090746,0.027655339508439358
-0.6934795079630568,-0.7199426433854943,0.027726562542510016
-0.693840381881213,-0.7195945475774318,0.02773466364973383
-0.6941985573047239,-0.7192487091185615,0.027742701154047908
-0.6945540640023922,-0.7189051065134606,0.027750675786920708
-0.6948818524367801,-0.7185908855854777,0.027683032845191465
-0.6952072761346041,-0.7182786426373048,0.027615842203620036
-0.6956242015297157,-0.7178720175247965,0.027690010852719642
-0.6960382146082406,-0.7174677561318793,0.027763694207707277
-0.6962903466849099,-0.717225769990662,0.02769382557015361
-0.6965406507359623,-0.7169853641609443,0.027624435764746522
-0.6968767229243851,-0.716658494620028,0.02763032998582027
-0.6972103628654487,-0.716333687304835,0.027636178196129527
-0.6975415965518965,-0.7160109230805626,0.027641980919459044
-0.6978704496115193,-0.7156901830438573,0.027647738671831897
-0.6982198157758517,-0.715349256187195,0.027650145214131266
-0.6985667818628047,-0.7150103417935034,0.027652529833312123
-0.6988885673103762,-0.7146955964881878,0.02765817859590634
-0.6992080710041044,-0.7143828024844702,0.027663784216075207
-0.6995921837251062,-0.7140039714540112,0.027732746323375985
-0.6999297189870191,-0.7136730123526841,0.02773481419080327
-0.7002649734264914,-0.7133439797382102,0.027736862894845102
-0.7004422558407458,-0.7131774461151784,0.02754226906700386
-0.7006182304543669,-0.7130120093510662,0.027349034281794294
-0.7009476470593387,-0.7126880455993836,0.027352252954878677
-0.7012748675642632,-0.7123659450773536,0.027355445833947604
-0.7014931255037858,-0.7121556741886524,0.027233996986042355
-0.7017098314505111,-0.7119467520390459,0.027113367676267684
-0.7019250017947802,-0.7117391657983602,0.02699354967491352
-0.7023300591623114,-0.7113344005843857,0.027126712707533696
-0.7026283026388638,-0.7110373229380064,0.027191795085697967
-0.7029245840404716,-0.7107419460584108,0.027256471976997536
-0.7031765644796927,-0.7104926293097136,0.027256978246068958
-0.7034268789481116,-0.7102447858795377,0.027257477950981913
-0.7036701835548599,-0.710005994229611,0.027198546540054776
-0.7039118365255712,-0.7097686575547497,0.0271399917488173
-0.7041572339172996,-0.7095251684959701,0.027140839940992454
-0.7044010298531381,-0.7092831017064981,0.0271416796725619
-0.704643239831082,-0.7090424448890174,0.027142511051135906
-0.7049852244211673,-0.7086998830621074,0.027208621714297318
-0.70532506137182,-0.7083591377359061,0.02727434301466945
-0.7055996436019281,-0.708085382870296,0.027280643582191316
-0.705872424971839,-0.7078132131351088,0.027286901174896325
-0.7061434229599991,-0.7075426149830847,0.027293116224318556
-0.7064126548215232,-0.7072735750185836,0.027299289156305806
-0.7066801375917353,-0.7070060799954908,0.027305420391118326
-0.7070099925632694,-0.706673664918601,0.027371549576133785
-0.7073378171135543,-0.7063429812850585,0.027437297067452727
-0.7075998219538472,-0.7060802906560606,0.0274429429532729
-0.7078601452385876,-0.7058190928517827,0.02744855093975119
-0.7081188029463046,-0.7055593753412802,0.02745412140126566
-0.7084373767872988,-0.7052370522231918,0.02751696462682432
-0.7087540218054375,-0.7049163854499505,0.027579450661575165
-0.7090074663462989,-0.7046612691197273,0.027584569378133927
-0.7092593086456215,-0.7044075837821424,0.027589654034424156
-0.7095652641804316,-0.7041010457710716,0.02754729047724583
-0.7098692612751664,-0.7037962043612672,0.02750517448268696
-0.7101713184187702,-0.7034930457606641,0.02746330391139824
-0.7104768837003113,-0.7031820407668622,0.027524811905721865
-0.7107806371608999,-0.7028726055893604,0.027585977400999735
-0.7110223209109523,-0.7026279234804097,0.02759094619635576
-0.7112625085726042,-0.7023845892076094,0.027595882712172976
-0.7115206791253333,-0.7021230512484454,0.027596088175634925
-0.711777322060853,-0.7018628702561295,0.02759628880318269
-0.7120130397254254,-0.7016235510044916,0.027601158251196422
-0.7122473152344814,-0.7013855365634944,0.027605996464757747
-0.7125395642500808,-0.7010862842456624,0.0276657083935215
-0.7128301199535245,-0.7007885124497574,0.027725095229775728
-0.7131189967853603,-0.7004922104490193,0.027784159589377553
-0.7134062090247761,-0.7001973676174263,0.02784290406053297
-0.7136328886557703,-0.699966175260897,0.027846969663723787
-0.7138582048562764,-0.6997362250471206,0.02785100924885167
-0.7141199151405435,-0.699466712291006,0.0279117394025172
-0.7143800762055449,-0.699198588866048,0.027972129848958662
-0.7146986624629208,-0.6988682962614088,0.02808783285317433
-0.7150154562999916,-0.6985395419258255,0.028202936339547503
-0.7151944645556046,-0.6983584838586804,0.02814792872712069
-0.7153724012206095,-0.6981784140107925,0.028093233726889003
-0.7155492758338017,-0.6979993243676674,0.02803884869251445
-0.7156922594229117,-0.6978550961044073,0.02797953972523774
-0.7158344111109237,-0.6977116439620092,0.02792056140745373
-0.7160467977377732,-0.6974935262375563,0.027924260172471897
-0.7162579463256754,-0.6972765482350327,0.027927935956025992
-0.7165060848209043,-0.6970191378673941,0.027988423700055557
-0.7167527970281955,-0.6967630192180638,0.02804858289443894
-0.7169980950618128,-0.696508182735345,0.028108416185174682
-0.7172228642317252,-0.69627677577024,0.02810719740989938
-0.7174463906701872,-0.696046500089074,0.02810598206915785
-0.7177441108307553,-0.6957350023432383,0.028216978616125064
-0.7180402190944704,-0.695424906778424,0.028327421255475438
-0.7182956906885669,-0.6951588941612915,0.02837979222413064
-0.7185497791382708,-0.6948941230064161,0.028431896023413807
-0.7188756405710266,-0.6945503884433656,0.02859320385626388
-0.7191997700002907,-0.6942081197429245,0.028753735662036276
-0.7194509029243206,-0.6939456768904074,0.02880617653376243
-0.7197006878241207,-0.6936844494846129,0.028858352148333582
-0.7199491353704857,-0.6934244292540359,0.028910264492123604
-0.7201962561233448,-0.6931656080004536,0.02896191553193543
-0.7205493880905718,-0.6927896036981399,0.029174377972411795
-0.7208302859389417,-0.6924928829338455,0.029279787553099738
-0.7211097043793179,-0.6921974678949312,0.0293846846132217
-0.7213876548356634,-0.691903350211974,0.029489072826192033
-0.721594279952952,-0.691687916754668,0.029487640712136963
-0.7217799473949572,-0.6914941248485886,0.02948869000849793
-0.7219645917520692,-0.6913012975397307,0.029489731707032753
-0.7221482213968328,-0.6911094277037453,0.02949076588345085
-0.7222602849417162,-0.6909967718787017,0.029386085978306452
-0.7223717153370305,-0.69088470165717,0.029281972220455418
-0.7226214533420082,-0.6906190275954185,0.029386968081831864
-0.7228698559467128,-0.690354565588184,0.02949144172685159
-0.7231511289457362,-0.6900532640369312,0.029646880046380972
-0.7234309138164149,-0.6897532743835559,0.029801567272710338
-0.7236751999039973,-0.689492523903706,0.029904255964781287
-0.723918192818716,-0.6892329531756617,0.03000643868972768
-0.7242133472570773,-0.6889162345659532,0.03015707887326751
-0.7245070145201526,-0.6886008058304156,0.030307030880596948
-0.7247992055223051,-0.6882866593983685,0.030456299323284825
-0.7249009471709837,-0.6881841205471697,0.03035182065922122
-0.7250021291309672,-0.6880821010360865,0.030247892312183302
-0.7252044771129464,-0.6878666564636597,0.0302973480826897
-0.7254057651334869,-0.6876522103035992,0.030346557888418633
-0.7256239595320432,-0.6874199649274501,0.030391794487709796
-0.7258410604611464,-0.6871887332717735,0.030436816735227606
-0.7260570760156617,-0.6869585088166841,0.030481626136829254
-0.7262527441046843,-0.686749572730235,0.030528282546771892
-0.7264474013421275,-0.6865415939342882,0.030574709834054976
-0.7267603226969624,-0.6862016277190651,0.030769456756865658
-0.7270717195161561,-0.6858629491420989,0.030963360184619336
-0.7273816025256415,-0.6855255512823484,0.031156425441020884
-0.7275388217794171,-0.6853589124744781,0.03115162749549773
-0.7276952308743586,-0.6851930564481699,0.031146851493035456
-0.7279362542750589,-0.6849327570655983,0.03123984651874342
-0.7281761050689278,-0.6846735275365347,0.031332422461788294
-0.7283811092038663,-0.6844535214609632,0.03137414085886663
-0.728617404504166,-0.6841978248129891,0.03146449387463487
-0.7288525599942107,-0.6839431722944465,0.031554442820219325
-0.7290865837561349,-0.6836895576652875,0.03164399036550794
-0.7292874162118024,-0.6834734444384103,0.03168462249433583
-0.7294872795944845,-0.683258244678749,0.03172506876829929
-0.7296861808184281,-0.6830439526883288,0.03176533044878192
-0.7298841267329794,-0.6828305628156951,0.03180540878588164
-0.7300811241233254,-0.6826180694554598,0.031845305018525734
-0.7302771797112464,-0.6824064670478288,0.03188502037459877
-0.7304406679960869,-0.6822318576647618,0.031876683088409005
-0.7306993279423293,-0.6819484219603843,0.03201315245910459
-0.7309567727758574,-0.6816660734000817,0.032149038996807155
-0.7311815926446006,-0.6814207728792262,0.03223676265358183
-0.7314053554890699,-0.6811764516525746,0.032324103636681825
-0.7316280686191122,-0.6809331039920362,0.0324110644138438
-0.7318172764956251,-0.6807279499008999,0.03244891440778287
-0.7320691226982985,-0.6804507228372292,0.03258240908888872
-0.7323198012513932,-0.6801745475823014,0.032715340687995344
-0.7325693200611869,-0.679899418352165,0.03284771269780868
-0.7327372980058957,-0.6797164591317397,0.03288749452951858
-0.732904463267351,-0.6795342922082094,0.03292709273355463
-0.7330434130653941,-0.6793827635969297,0.0329608114104683
-0.7331817094568243,-0.6792318837872848,0.03299437777478479
-0.7333193570113287,-0.6790816486489891,0.03302779285181678
-0.7335007072396332,-0.6788840211257908,0.033063550006532404
-0.8110301487289433,-0.5829304722949744,0.049215468327203075
-0.8112241638417018,-0.5826338019275101,0.049529878364744255
-0.8112887419020962,-0.5825349641350385,0.04963459300833929
-0.80860397836389,-0.5862630545116599,0.049550349027510876
-0.8070130794398479,-0.5884552836287592,0.049500189720953956
-0.8047900800682775,-0.5920289002140007,0.04259939360010277
-0.8031874342442634,-0.5945309618389801,0.03772109339525864
-0.8019778244821189,-0.5963802751235053,0.0340901229469746
-0.8042399073959057,-0.5934638000248896,0.03160521178291405
-0.80603361111734,-0.5911280448783046,0.029621821474948636
-0.8062889117316466,-0.590943686796242,0.026148610943262627
-0.8064931511281407,-0.5907853814433308,0.0232686539417316
-0.8094680252794398,-0.586665109912527,0.0241984475024082
-0.8119992712671299,-0.5831230241775731,0.02499444209522625
-0.8141789959874076,-0.580045617334061,0.025683541509788358
-0.8149726108662911,-0.579008770397532,0.02384297256046466
-0.8175432472223858,-0.5753891758587912,0.023459224744609278
-0.8198123956184945,-0.572165353046526,0.02311806141114251
-0.8243395369680705,-0.5654922046223195,0.02613224641426799
-0.8283743883123859,-0.5594313526779398,0.028851939779002463
-0.8319916922812809,-0.5539034352604841,0.03131786042444181
-0.8352520030959902,-0.5488420306804193,0.033563621418578764
-0.8359029619979976,-0.5479955731228143,0.031098070048998935
-0.8364930598996115,-0.5472179202027689,0.02884282490916349
-0.8363756049772872,-0.5475738535558555,0.025272955918675375
-0.8362583930319885,-0.5478941321186358,0.021998183414159107
-0.836142483216673,-0.5481837063076572,0.01898346383186735
-0.8385066150734887,-0.5445569025132402,0.01909021747351361
-0.8406974775895136,-0.5411649615704973,0.019189464375837406
-0.8427332342874828,-0.5379859679418053,0.019281963724614503
-0.8452810725230253,-0.5339444536825855,0.020080558157812404
-0.8476551279737853,-0.5301385656716342,0.020829911362461297
-0.8498722858900131,-0.5265485422559328,0.021534398627219578
-0.8519473438613142,-0.5231567419800351,0.022197896487881362
-0.8538933208734191,-0.5199473707830795,0.02282385119840509
-0.8555356500194314,-0.5172626621630033,0.022317927275432446
-0.8570816557890854,-0.5147174888467758,0.021839001467764393
-0.8609744865923639,-0.5081198449475067,0.023176639263216267
-0.8646295667994032,-0.5018147198263714,0.02444788706323918
-0.8682137560800001,-0.4955506835861024,0.025187174331484617
-0.8715890888436195,-0.4895529798915104,0.025890926752271424
-0.875051067336349,-0.48327422382587176,0.027049106066885525
-0.8783184225670095,-0.477246297560093,0.02815528448769694
-0.8810230700858327,-0.4722248478667762,0.02832036429381101
-0.8835811254429756,-0.4674114245343138,0.02847727121281386
-0.8860036091214524,-0.4627938241219702,0.028626578180487514
-0.8883005058132901,-0.458360739044557,0.02876880731591613
-0.8908229345296453,-0.45342867820032373,0.02892979608463663
-0.8938974719511601,-0.4472717159537743,0.029921927529674857
-0.8968186558071548,-0.44131955188976324,0.03087639415583598
-0.899596546103763,-0.43556299312739544,0.03179517661666303
-0.9024342898995502,-0.42958166030526773,0.03274064053839501
-0.9051310340401845,-0.4237988406569724,0.03365046619517213
-0.9072019445365312,-0.41934236997820096,0.03371362588334434
-0.9091787614690163,-0.4150341090155487,0.03377377751059305
-0.911162405388012,-0.4106841423938127,0.033490389573589296
-0.9134109931073534,-0.4056455253945552,0.03364617954558594
-0.9155556684450544,-0.40076885305094107,0.033795626970998305
-0.9174208921600168,-0.39649906179488226,0.03357678698293015
-0.9192041296863042,-0.39236535048431764,0.033364647562389604
-0.920910294465777,-0.3883615782995804,0.03315892108640981
-0.9230991052782546,-0.3830863373591852,0.033658579340344955
-0.9251914257499966,-0.37796185740630006,0.03414176422899547
-0.9268213857981702,-0.3739362740958004,0.034260498281691476
-0.9283841066939715,-0.3700288021374164,0.03437493311681287
-0.9303663400477762,-0.3649991190654881,0.03455598917009258
-0.9322637440656113,-0.36010844126398905,0.03473070732346936
-0.9340260793345218,-0.3554982475605441,0.034875193251989095
-0.9357166228602009,-0.3510104952614422,0.03501476716212373
-0.9375297106368348,-0.3461227397096449,0.03517230059439047
-0.9392690334463513,-0.3413588333544481,0.03532463304335104
-0.9408736380928199,-0.3369540588937635,0.03491073383645606
-0.942415300428472,-0.3326599720197137,0.03450716641737236
-0.9438972031551283,-0.3284727292661002,0.03411357507511914
-0.9453223355766326,-0.32438864757919084,0.03372961875983814
-0.9468034291137325,-0.32005039021151527,0.03363055669973615
-0.9482280051443903,-0.31581508385421525,0.033533312840294933
-0.9496506932516399,-0.31154773061117164,0.03318994362316113
-0.9510197822975113,-0.30737918655789376,0.03285436576471543
-0.9523378194484552,-0.3033063055826794,0.03252633766577091
-0.9537044178003972,-0.2989881706802145,0.03246470793499207
-0.955019974636179,-0.29476573110974696,0.03240388571218168
-0.9562698605850223,-0.2907435513546704,0.03187696789809899
-0.9574735103637568,-0.2868116161170029,0.031361980359312466
-0.9586330659016953,-0.2829671269201986,0.03085854893614236
-0.9597641163567643,-0.27918732588743284,0.03012105605293142
-0.9608548444074655,-0.2754879835611892,0.029399641019832442
-0.9618111867536109,-0.272205438890508,0.028695645558801965
-0.9627344281103674,-0.26899444159809666,0.028007344042803507
-0.9636260337632816,-0.2658527907053088,0.027334240941467074
-0.9645251508021325,-0.2626613179890985,0.026462530157813843
-0.9653935044368253,-0.2595371344793982,0.025609713340998243
-0.9662835288130667,-0.25626569482654077,0.024980704546467926
-0.9671437954684012,-0.2530597686634522,0.024364572045802474
-0.9679040520759672,-0.2502150868108963,0.023540524784696645
-0.9686397566284729,-0.2474271927485246,0.02273337122640396
-0.9693419888733908,-0.24471389284790596,0.022163466655797905
-0.9700218765750559,-0.24205530484211193,0.02160528554773606
-0.9706803326327486,-0.23944985309723615,0.021058482653998192
-0.9713511959039167,-0.23672577615462237,0.020922741694685415
-0.9720011396491455,-0.23405464816442506,0.020789569341132196
-0.9727352153166592,-0.23101369308583625,0.02046642347102814
-0.9734459379045551,-0.22802853735816986,0.02014924632373998
-0.9741342124508118,-0.22509774439102956,0.019837883024850404
-0.9746128970499123,-0.22307706970918248,0.019139536931217137
-0.9750776787563511,-0.2210948716754254,0.018454758463690973
-0.9755977882273354,-0.21884446294950116,0.0177779819517175
-0.9761027164013415,-0.21663473398906366,0.017113709808509726
-0.9765266614468833,-0.21476618454097793,0.01646710238976104
-0.9769387273757174,-0.21293203336591493,0.01583262834057118
-0.9773490890146225,-0.2111001369753384,0.015016336812979527
-0.9777480291751527,-0.20930057708241603,0.014214776715529513
-0.978231056614918,-0.20704684768651174,0.01398580484416792
-0.9787003222336638,-0.20483241426375443,0.013760862131593788
-0.9791563204044093,-0.20265629219545156,0.01353984659032638
-0.9795586577957486,-0.20074094207646304,0.012958013414320853
-0.9799500906885416,-0.1988577461985779,0.01238614291623367
-0.9803309946622399,-0.19700592430022523,0.011823988124030224
-0.9807017296325489,-0.19518472037578272,0.011271309930725677
-0.9810626406145059,-0.1933934017747008,0.01072787679375623
-0.9814068588789695,-0.19165852457516727,0.01037242994598753
-0.9817421325024513,-0.18995242906831272,0.010022971644522278
-0.9820677742687005,-0.18827961775006266,0.009678444235044147
-0.9823851016810071,-0.186634089757842,0.009339621804915805
-0.9826587315823742,-0.1852206354934609,0.00866795433293531
-0.9829255264085838,-0.1838295293242636,0.008007102024347094
-0.9832702125286551,-0.18199081157805386,0.007683336190396075
-0.9836060374368155,-0.1801802585122405,0.007364615421587468
-0.9838933170372545,-0.1786237902538087,0.006890736157491975
-0.9841734999177854,-0.17709108246317457,0.0064242175864605774
-0.9844398770609408,-0.17561477669475692,0.00613014344776941
-0.9846998292002028,-0.17416122694128466,0.005840668060907337
-0.9849594663583513,-0.1727013974444671,0.005392304868973158
-0.9852128756372988,-0.17126319016027802,0.004950694356246625
-0.985461029193417,-0.16984158214591094,0.0045162944130140385
-0.9857032970009777,-0.16844077778635008,0.00408835665418384
-0.9859693086666935,-0.16687936150261137,0.003975056201256152
-0.9862289277133245,-0.16534078754059733,0.0038634333022852367
-0.9864823475499722,-0.16382456950060295,0.0037534517764275183
-0.986770459232214,-0.16208277031187873,0.0036381801319566717
-0.9870514650210066,-0.16036515545191102,0.003524530716132883
-0.9872591538935429,-0.15908996277387977,0.003121986228538971
-0.9874621263494181,-0.15783257774055837,0.002725147565993955
-0.9876869146546979,-0.15642140795995033,0.0026271185184838968
-0.9879065291056602,-0.15502995337624567,0.002530475561347572
-0.9881576851082701,-0.15342260397070243,0.0024277463446285676
-0.9884028558956247,-0.15183669612180878,0.002326406711326272
-0.9886422125199491,-0.15027181583938504,0.002226429427091945
-0.9888114435896187,-0.1491574309824463,0.001997450607882969
-0.9889770511521133,-0.14805827768506344,0.0017716386208997301
-0.9891096874030799,-0.14717347456111116,0.0014123282165977478
-0.9892396008812736,-0.14630069304046073,0.0010579528058412098
-0.98936686527637,-0.14543969212407812,0.0007084123534428101
-0.9895243837709277,-0.14436539496538792,0.00035589219345488044
-0.9896785780647874,-0.14330496172832796,7.981419220619665e-06
-0.9898022284803044,-0.142447641390365,-0.0004668594488101572
-0.9899233228989429,-0.1416013403214738,-0.0009355211795249689
-0.9900374589095928,-0.1407985826629597,-0.001260585553589622
-0.9901493557686211,-0.14000625880329953,-0.0015813813228076979
-0.9902590714379509,-0.1392241683897073,-0.0018979913175549013
-0.9904025506229452,-0.13819527732529346,-0.0022029626754367674
-0.9905430554308013,-0.1371793904794935,-0.002504029849462779
-0.9906710622447176,-0.13624847002589818,-0.0026834393089458643
-0.9907965632557407,-0.13532918131910132,-0.0028605810799018413
-0.9909487251636654,-0.13420643548706193,-0.0030424941024184554
-0.9910977592933229,-0.13309714113864252,-0.003222195598484259
-0.9912437447192017,-0.13200106221226202,-0.0033997249724673686
-0.9913867581108309,-0.13091796803484834,-0.0035751207145290763
-0.9915502773812319,-0.1296722360446707,-0.0036274818231568098
-0.9917103316941749,-0.128440964429892,-0.0036792210247314962
-0.9918178924473849,-0.12760292212561458,-0.0038421980989858224
-0.9919719796426575,-0.12639795658854883,-0.00389206552701152
-0.9921228429632101,-0.12520674993174474,-0.003941350292322906
-0.9922452549019873,-0.12423160626180187,-0.00398272897681956
-0.9923652816595856,-0.1232678314378562,-0.004023616445378392
-0.9924829812741008,-0.12231523050019856,-0.0040640212790031705
-0.9925770209282785,-0.12154443796516017,-0.004219848916406928
-0.9926693540178714,-0.12078254403696341,-0.004373859817248079
-0.9927603730341734,-0.12002651039871616,-0.004525321486455355
-0.9928497544277739,-0.11927912302341795,-0.004675034061211104
-0.9929573252720844,-0.11837885659301554,-0.004711316189593481
-0.9930628765450382,-0.11748866953071142,-0.004747184428418509
-0.9931664555185297,-0.11660839563489359,-0.004782645733971287
-0.9932490466140892,-0.11589672442091074,-0.0049275418523055305
-0.9933301896615513,-0.11519297369666329,-0.005070810375717934
-0.9934289005235601,-0.11433712233567561,-0.005103142222904363
-0.9935257976592479,-0.11349061630076399,-0.005135114139724364
-0.9936049733960972,-0.11278339783768733,-0.005390919655001805
-0.9936827410463384,-0.1120836992860263,-0.005643979180994113
-0.9937591319066191,-0.11139140250498646,-0.0058943362794170225
-0.993831760258186,-0.11073436095963919,-0.006027736306109038
-0.9939031593130985,-0.11008436808213883,-0.006159692475923555
-0.9939733559204466,-0.10944131191111268,-0.0062902279306714
-0.9940624270498497,-0.10862132169570406,-0.0064264765494407095
-0.9941498933538161,-0.10780973391563017,-0.0065613121886526115
-0.9942528202061144,-0.1068545217940317,-0.006590954737886803
-0.9943537961086165,-0.10590892278413302,-0.006620289955020098
-0.9944362780070719,-0.10512325375234854,-0.0067520740488209476
-0.9945172957397826,-0.10434548105696184,-0.006882518247036676
-0.9945945142476736,-0.10360549439785958,-0.006903170214419395
-0.9946703984985217,-0.10287303836024665,-0.006923606670170817
-0.9947472880371574,-0.10211813507437874,-0.0070512007241047845
-0.9948228333840307,-0.10137067299293198,-0.007177522882531833
-0.9948970629077147,-0.10063054392103436,-0.007302591852198527
-0.9949700042588314,-0.099897641725711,-0.007426425979062085
-0.9950416843913181,-0.09917186228762005,-0.007549043256842837
-0.995110008527893,-0.09848264812555386,-0.007565642457529615
-0.9951771850237626,-0.09780021762966502,-0.007582073579813383
-0.9952453086114506,-0.09709507156614652,-0.007702127268716436
-0.9953122712648137,-0.09639665066198125,-0.007821023643349209
-0.9953780967633624,-0.09570486021555477,-0.007938779179911794
-0.9954408430047272,-0.09504881269303407,-0.007953067564307694
-0.9955025556841862,-0.09439907374126501,-0.007967214258766175
-0.9955632557857471,-0.09375555362314165,-0.007981221341456794
-0.9956229637786966,-0.09311816427967734,-0.00799509085046594
-0.9956680864456956,-0.09262509856359856,-0.00810263843760109
-0.9957125259153079,-0.09213672172983445,-0.00820915612205697
-0.9957562954798582,-0.09165296757586198,-0.008314658547857208
-0.9957994081143651,-0.09117377113269358,-0.00841916008420147
-0.9958418764855135,-0.09069906863646311,-0.008522674831850667
-0.9958837129603372,-0.0902287975007428,-0.008625216629326067
-0.995924929614616,-0.089762896289653,-0.008726799058953523
-0.9959929822691845,-0.08900307946521892,-0.008742489133175518
-0.9960598530942972,-0.08825001926972467,-0.008758033606934465
-0.9961112801087074,-0.08766667162039611,-0.008767686536012165
-0.9961619013684376,-0.08708861102597218,-0.008777248520245678
-0.9962117323551007,-0.08651576651189126,-0.008786720827985648
-0.9962607881913174,-0.08594806835785246,-0.008796104704296042
-0.9963090836504995,-0.0853854480704358,-0.008805401371487291
-0.9963566331663243,-0.08482783835648373,-0.008814612029628644
-0.9963932343738126,-0.084376707020154,-0.009005209965777876
-0.9964292784292315,-0.08392949950906654,-0.00919413950072195
-0.9964781445972125,-0.0833373882572547,-0.00928369853865405
-0.9965262258854828,-0.08275045616676831,-0.00937246641111143
-0.9965717644795414,-0.0821889002317214,-0.009471162591443691
-0.9966165922659237,-0.08163211386968212,-0.009569012771694828
-0.9966607223583474,-0.08108003710433305,-0.00966602768966519
-0.9967041675817848,-0.08053261095171675,-0.009762217903779914
-0.9967469404799009,-0.07998977739995658,-0.00985759379678907
-0.9967877834159192,-0.07947866532565226,-0.009861875624417817
-0.9968185976075101,-0.07906884056369258,-0.010040015722604172
-0.9968489560722761,-0.07866243459488372,-0.010216660962331975
-0.9968788669593013,-0.07825940505557304,-0.010391829977804435
-0.9968965692063544,-0.07801101589351975,-0.01055991022032985
-0.9969140323493907,-0.07776472822477733,-0.01072656277679244
-0.9969636218564689,-0.0771255435582457,-0.010732531186860307
-0.9970124036232211,-0.07649152098727612,-0.010738446745241598
-0.9970603922902028,-0.07586259899148165,-0.010744310139065153
-0.9970964455031374,-0.0753871921642115,-0.01074474860595491
-0.9971428845371372,-0.07476954324961566,-0.010750963640597027
-0.9971885748275341,-0.07415679669115335,-0.010757124984791252
-0.9972335297444997,-0.07354889504143582,-0.010763233320424018
-0.9972576921250008,-0.07320872308162187,-0.010843355674120541
-0.9972815366101788,-0.07287131578582451,-0.010922823448321394
-0.9973154350433152,-0.07239308112556135,-0.011007489700696383
-0.9973488329674758,-0.07191859495453942,-0.01109148674340373
-0.9973817389851634,-0.07144781370192853,-0.01117482242122949
-0.9974234174097072,-0.07086298397796792,-0.011178725530182341
-0.9974644338386885,-0.07028266361781844,-0.011182594584854093
-0.9974957490503752,-0.06982363044426267,-0.011264601990926916
-0.9975266070222961,-0.06936812789406815,-0.011345973517411082
-0.9975473924857994,-0.06905621430008609,-0.011420989944980886
-0.9975679124135589,-0.06874674950005245,-0.011495414565429105
-0.9975976362202763,-0.0683006349235335,-0.011574950399866106
-0.9976269305397674,-0.06785789982659639,-0.011653878878967513
-0.9976550336089473,-0.06744400907818209,-0.01165073191659191
-0.9976827502660329,-0.06703329819764166,-0.011647607237130445
-0.9977100868971368,-0.06662573088633389,-0.01164450460816678
-0.9977370497616169,-0.06622127139283109,-0.011641423800458066
-0.9977636449950312,-0.06581988450270233,-0.011638364587867373
-0.9977898786120111,-0.06542153552853483,-0.011635326747321617
-0.9978157565090581,-0.06502619030016356,-0.01163231005875531
-0.9978419795520352,-0.06460875836747271,-0.011708637234498772
-0.9978678313667705,-0.06419438461428191,-0.011784401018801526
-0.9978926563958048,-0.0638079758470112,-0.011780854367632826
-0.9979171483746097,-0.0634244386739783,-0.01177733241349222
-0.9979413126459641,-0.0630437413717466,-0.011773834902127977
-0.9979651544498453,-0.06266585267997443,-0.011770361582725252
-0.9979886789257532,-0.06229074179300579,-0.011766912207847167
-0.9980043970595512,-0.062025369571922576,-0.011835412086960156
-0.9980273686479137,-0.06165534193840963,-0.011831747131307172
-0.9980500369819716,-0.06128800500896965,-0.011828107300226239
-0.9980656749867424,-0.06100470385755133,-0.011972239577904649
-0.9980811014790911,-0.06072341670745218,-0.012115342902995657
-0.9980963197708087,-0.06044412224184267,-0.01225742821234134
-0.9981179856549642,-0.06008633580544575,-0.012252304336411493
-0.9981393693929086,-0.059731105610698804,-0.012247215620308559
-0.9981605650412109,-0.05937700386638886,-0.012241642392314706
-0.9981814853086403,-0.059025418791882,-0.012236107366306443
-0.9982025406182685,-0.05865370256661805,-0.012305733560445703
-0.9982233085246379,-0.05828454988615722,-0.012374876269826317
-0.9982502150615671,-0.05783785601847853,-0.01230002198050489
-0.9982767301051553,-0.05739427383358881,-0.012225688597142235
-0.9982898210823105,-0.05713651620283125,-0.012363318310727605
-0.9983027378602813,-0.056880519285021726,-0.012500004261305644
-0.9983150629864479,-0.056649930376944255,-0.012562659059768359
-0.9983272459327748,-0.056420940142658915,-0.012624877888497331
-0.9983397701745954,-0.056168620883011576,-0.012758891638253106
-0.9983521288256128,-0.05591800493499173,-0.01289199726408627
-0.9983703892945404,-0.05559266582322194,-0.012884924778025131
-0.9983884200911922,-0.05526954259902491,-0.01287789923503174
-0.9984062246225949,-0.054948612801291756,-0.012870920171855154
-0.9984241558952667,-0.05460660189931581,-0.012935376060787561
-0.9984418484029806,-0.054266848643243715,-0.01299940367750993
-0.998452807804762,-0.05405071420683493,-0.013057981487119797
-0.9984636435320118,-0.053836036341605255,-0.0131161631510609
-0.9984926832949361,-0.05332875988285483,-0.01297708656961654
-0.9985212566500897,-0.052824823633319196,-0.01283892620254461
-0.9985493708898087,-0.05232419512095088,-0.012701673138288797
-0.9985715001456533,-0.05190060018105788,-0.01269987392478691
-0.9985933087869434,-0.05147972714994196,-0.012698084048853635
-0.9986089940925863,-0.051158858636320484,-0.012761195101636615
-0.9986244725472756,-0.05084004762958202,-0.012823899044264085
-0.9986508315768221,-0.05035383625318959,-0.012688883540666131
-0.9986767676043189,-0.04987075694726721,-0.012554738105427638
-0.998696995460124,-0.0494642691793067,-0.012553777657659766
-0.9987169317113395,-0.04906034032311561,-0.012552821215474531
-0.9987310068800327,-0.048774531002397946,-0.012546753440320885
-0.9987449101885822,-0.04849056216264366,-0.01254072380494199
-0.9987532640884955,-0.048303295864723206,-0.012597979249900857
-0.9987615262443578,-0.04811723250597098,-0.012654865862878353
-0.9987752328055493,-0.04781572721857666,-0.012715760487661047
-0.9987939644768131,-0.047423322720182154,-0.012713968179447891
-0.9988124275011968,-0.04703333946468782,-0.012712185019349813
-0.998820350799761,-0.046831399550233715,-0.012834595607530424
-0.9988281697035482,-0.046630709764101504,-0.012956246121321367
-0.9988409457506106,-0.046339605084953536,-0.01301560957452321
-0.9988535559130405,-0.0460502819979943,-0.0130746077486003
-0.9988608749541716,-0.04587583724056775,-0.013128596393501939
-0.9988681151526385,-0.045702482432850314,-0.013182246807368552
-0.9988752775536202,-0.045530207408491445,-0.013235562153462353
-0.9988824850810724,-0.045337164340384484,-0.013353745835316668
-0.9988944740375952,-0.04505529752693353,-0.013410812873030932
-0.9989063087796517,-0.04477512454289086,-0.013467535126352643
-0.9989179914297467,-0.04449663023409198,-0.013523915696682832
-0.9989198959545007,-0.04441987484317401,-0.013635108549855418
-0.9989217706847539,-0.04434359112110958,-0.013745616702052894
-0.9989331673827829,-0.04406891240731448,-0.013800654398883661
