0.997710896552702,-0.06714918255867747,-0.00799713584385468
0.997710896552702,-0.06714918255867747,-0.00799713584385468
0.9977108965527022,-0.06714918255867351,-0.007997135843854681
0.9982153263273206,-0.059641701029457775,-0.0030049598256177714
0.9977084920959535,-0.06718227476199522,-0.00801914942014753
0.9977088928256145,-0.06717676109436005,-0.00801548161732209
0.9977091790643088,-0.06717282234421665,-0.008012861482342346
0.9979718210314399,-0.06341784366134139,-0.00551557182326447
0.9979425329880677,-0.06385150777714366,-0.005803947617340959
0.9981186840695654,-0.06117904741132438,-0.004026992560468011
0.9980837482766092,-0.06172178178368039,-0.00438783312830472
0.9978260108952495,-0.06571359971962702,-0.004997478640491795
0.9978175660249019,-0.06582382303147803,-0.005227738866986547
0.9978102733689611,-0.06591832751797433,-0.005425168807711538
0.9976614368056319,-0.06799781044665655,-0.006924975478852391
0.9976645772904068,-0.06794486724042753,-0.006991869251830555
0.9976673428721486,-0.06789814202643166,-0.007050906025828945
0.9976697968872497,-0.06785660014231902,-0.007103393279213676
0.9976719891686207,-0.06781942441677034,-0.007150363634494226
0.9977819427544258,-0.06627879028804233,-0.006190046135336894
0.9976757399441409,-0.06775567830680267,-0.007230904790944444
0.9976768129558503,-0.06773561176853962,-0.007270748833428464
0.9976783110204881,-0.06771014899295286,-0.007302290233768957
0.9976796829585529,-0.06768680539106442,-0.007331206426883939
0.9976809440532146,-0.0676653269755744,-0.0073578120644041
0.9976821072145509,-0.06764549878779273,-0.007382373445184155
0.9976831834228908,-0.06762713767841169,-0.0074051174596860255
0.9976841820763588,-0.06761008663350165,-0.007426238619749901
0.997506216329124,-0.07009350702192799,-0.008261274606361193
0.9973342161576099,-0.07240686253778389,-0.009039222240905363
0.997168186468834,-0.07456700622228359,-0.009765729747569273
0.9971859660134571,-0.07433607607567619,-0.009710663184335434
0.997202620194675,-0.07411908999206626,-0.00965892207354349
0.9972182523736445,-0.0739148220548746,-0.009610214016905675
0.9972329536508793,-0.07372218595764633,-0.009564279919016245
0.9972468046291728,-0.07354021568072483,-0.009520889377404838
0.9972598768812273,-0.07336804929088021,-0.009479836817701485
0.9972722341780728,-0.07320491529042766,-0.009440938237095482
0.9972839335225019,-0.07305012105978552,-0.009404028447251422
0.9973542724275731,-0.0721512556450056,-0.008868572563573549
0.9974201798531214,-0.0712959354484545,-0.008359091475560349
0.9972980988126253,-0.07291827973785685,-0.008912159378887695
0.9971790933566546,-0.07446316926467592,-0.009438866216908471
0.9972465642771154,-0.07361491911031083,-0.008951744068691021
0.9973101587419173,-0.07280407166279208,-0.00848613100832829
0.9973701847295356,-0.07202820844584938,-0.008040634343954163
0.9974269194852564,-0.07128511492718466,-0.007613978984072518
0.9974806131760685,-0.07057275948095752,-0.007204995290581881
0.9974854218435703,-0.0705031115169572,-0.007221113209347192
0.9974900339195251,-0.07043624082109774,-0.007236588299542441
0.9974944612113527,-0.07037198452290663,-0.007251458265822886
0.9974987145999773,-0.07031019224288182,-0.007265757920691965
0.9975028041289112,-0.07025072491754203,-0.007279519456576435
0.9975484324133725,-0.0696362765709695,-0.00692199212324551
0.9975919308692887,-0.0690440245304134,-0.00657739622708338
0.9976334380483574,-0.06847278820309323,-0.006245043115024271
0.9976730811157376,-0.06792146920947725,-0.0059242921481636925
0.9977109769706102,-0.06738904435383106,-0.005614546591487027
0.9977470346324996,-0.0668773678140664,-0.005317194402661319
0.9977815602770302,-0.0663826772739784,-0.005029724552478466
0.9978148355143123,-0.06590139495687973,-0.004749754760344243
0.9978467464722871,-0.065435549446006,-0.004478774762201995
0.9978447138727768,-0.06546270121427929,-0.004534506134741881
0.9978102430280618,-0.06595978039537863,-0.004901660787307367
0.9977764682940928,-0.06644153719853184,-0.005257513981279772
0.9977433743905969,-0.06690866883614144,-0.005602579248955608
0.9977429330477353,-0.06691225404127424,-0.00563824550888607
0.9977425034328319,-0.06691573393130151,-0.005672864886532785
0.9977420850894411,-0.06691911307946297,-0.005706482807509668
0.9977416775841997,-0.06692239579800577,-0.005739142106806392
0.9977697067797876,-0.06652188527589693,-0.005518243553621303
0.9977967439019704,-0.0661326688779879,-0.00530358046043365
0.9977956265266017,-0.06614656392336728,-0.005340390015558809
0.9977945377948894,-0.06616008422132097,-0.005376207074767431
0.997793476622209,-0.06617324473038558,-0.0054110712449395686
0.9978184710740823,-0.06581145130413273,-0.005210725537243877
0.9978426401536695,-0.06545921239076402,-0.00501567586027306
0.9978660225119409,-0.06511615460445008,-0.004825715048368163
0.9978025052573732,-0.06605670854992886,-0.005164470704679262
0.9978014205398356,-0.06607032338954019,-0.00519976306073697
0.9978003611418534,-0.06608360306072757,-0.005234186823078502
0.9977993261896706,-0.0660965597896381,-0.005267773667710748
0.9978235245535544,-0.06574661026563311,-0.005059356293155618
0.9978469896030854,-0.06540493736050912,-0.00485587365238492
0.9978697526318637,-0.0650712510392737,-0.004657152628688345
0.9978905994351602,-0.06476273447966159,-0.004487736807520192
0.9979108398316295,-0.06446141234835444,-0.0043222753946702665
0.9979086913597827,-0.06449186085417623,-0.004363896443736391
0.9979065884387305,-0.06452162722044563,-0.004404585269928216
0.997904529639529,-0.06455073411602519,-0.004444372845792958
0.9979025135921821,-0.06457920321634956,-0.0044832887868598405
0.9979005389826424,-0.06460705525726171,-0.0045213614251575236
0.9978765815930368,-0.06495796995400907,-0.004773892295560515
0.9978529523161185,-0.06530141323053554,-0.005021054082637978
0.9978296464678472,-0.06563762100760695,-0.005263016085148417
0.9978501267471248,-0.06533979674334839,-0.005082864574730242
0.9978700694104025,-0.06504807256974351,-0.004906407019396717
0.9978685203995299,-0.06506945236056935,-0.00493785025579646
0.9978670011864066,-0.06509040143802564,-0.004968660169974493
0.9978655109212651,-0.06511093268783323,-0.00499885570536656
0.9978844397772875,-0.06483297094802494,-0.004830189273886559
0.9978828177652443,-0.06485561842341427,-0.004861148816130876
0.9978812257301557,-0.06487782730519746,-0.004891508912290578
0.9978796628504489,-0.06489961021188777,-0.0049212868052378525
0.9978781283342318,-0.06492097928251975,-0.004950499082816362
0.9978958846726057,-0.06465946740294624,-0.004791307613270721
0.9979132189332354,-0.06440282210696156,-0.0046350817649362785
0.9979301453020837,-0.0641509088685381,-0.004481739472847575
0.99794667735582,-0.0639035980721439,-0.004331201670757891
0.9979628280934696,-0.06366076479086283,-0.004183392155483753
0.99796068337298,-0.06369211710413333,-0.004217660551529002
0.9979585747507892,-0.06372291088387588,-0.0042513186024026066
0.9979387610260362,-0.06401821594003003,-0.004460635568571107
0.9979191664446866,-0.06430834317507626,-0.00466628764851031
0.9978997886052571,-0.06459342747797223,-0.0048683701822251875
0.9978982339059526,-0.06461540879485102,-0.004895274625095419
0.9978967045398391,-0.0646370152289879,-0.004921720310678705
0.9978951998940375,-0.06465825628942706,-0.004947718873345555
0.9979108219406727,-0.0644274383086388,-0.004805897073130854
0.9979093287096645,-0.06444865122022402,-0.004831462523984318
0.9979078589793956,-0.06446951491821765,-0.004856607186955052
0.9979064122005499,-0.06449003795545001,-0.004881341365937243
0.9979048938552029,-0.06451161101329791,-0.004906614342399525
0.9979033988649018,-0.06453283685589906,-0.0049314806302767095
0.9979019266960157,-0.06455372379884369,-0.004955949967685734
0.9978841693674033,-0.06481338291546448,-0.005139058374951394
0.9978665930018933,-0.06506894652904263,-0.005319282695489014
0.997865423852298,-0.06508516430904965,-0.005340156078005316
0.9978642721055827,-0.0651011311749526,-0.005360706570698642
0.9978632269298279,-0.06511555344873893,-0.005380059502952566
0.9978621970773763,-0.06512975638679804,-0.005399118160188243
0.9978610939718852,-0.06514502440483574,-0.005418757470677729
0.9978600068136563,-0.06516006328658035,-0.005438102089778828
0.9978589352598425,-0.06517487815177013,-0.005457158600910254
0.9978731517785945,-0.06496754374018249,-0.005328341188561934
0.9978871014194733,-0.06476324670604565,-0.005201412955493825
0.9978858667918382,-0.06478062904347201,-0.005221777267748172
0.9978846493187071,-0.06479775994215599,-0.0052418470561066775
0.9978834486456057,-0.06481464481854335,-0.005261628664092615
0.9978969725939926,-0.0646160454478239,-0.005137972209833772
0.9979102518925667,-0.0644202475184295,-0.00501606193925716
0.9979232928064607,-0.06422719220062355,-0.004895861143356279
0.9979361013954445,-0.06403682229959258,-0.0047773341343915685
0.9979486835220808,-0.06384908219907007,-0.00466044621063239
0.9979610448595037,-0.06366391780727834,-0.004545163622558524
0.9979731908988364,-0.06348127650507336,-0.004431453540439263
0.9979578090738109,-0.0637112584084683,-0.004592043184513428
0.9979562222883747,-0.0637344498082768,-0.004615008510531224
0.9979546557185588,-0.0637573304210846,-0.0046376661403687135
0.9979396118491342,-0.06398087068287556,-0.0047936717722907255
0.9979246944099859,-0.0642014442441958,-0.004947609897295275
0.9979099023380609,-0.06441910972706466,-0.0050995213122618606
0.997908655408167,-0.06443692404696773,-0.0051184256201978265
0.9979074239808412,-0.06445450739120596,-0.005137084861934923
0.9979062077692822,-0.06447186422297628,-0.005155503772124423
0.9979050064937087,-0.06448899889118491,-0.005173686964238749
0.9978907185053323,-0.06469790331904242,-0.005319325806099073
0.9978765477753491,-0.06490415796506382,-0.005463119877648731
0.9978624932876468,-0.06510781288838272,-0.005605103982306308
0.9978485540217359,-0.06530891689602088,-0.005745312054157947
0.9978606740248913,-0.06513313013457193,-0.005634766495829537
0.9978726026251575,-0.06495950197517741,-0.005525579899995672
0.9978843441016932,-0.06478799292177352,-0.005417727374250589
0.9978536880321264,-0.06524495039618529,-0.00557796813215421
0.9978231822645077,-0.06569621566171731,-0.005736216807270764
0.9977928282797208,-0.06614189411386749,-0.005892510210890977
0.9977626274182237,-0.06658208856955146,-0.0060468842554916805
0.9977749265887159,-0.06640718003334603,-0.005939891488996969
0.9977745626006769,-0.06641156140028548,-0.005952036576147328
0.997774202721493,-0.06641589132900026,-0.005964039106469201
0.9977446975791963,-0.0668440953622399,-0.006114357513421093
0.9977153412521337,-0.06726718453550609,-0.00626288390477761
0.99002008817792,-0.1374831870589552,-0.030961238352107002
0.994496424444893,-0.10290882599297677,-0.01966304399300117
0.9957146952874055,-0.09111625000975003,-0.015813746326216026
0.994496424444893,-0.10290882599297674,-0.019663043993001162
0.9936978308198032,-0.10992126531960555,-0.021953051144532214
0.993137916098086,-0.11456950728950356,-0.0234714210858972
0.9927367965087334,-0.11782446488333058,-0.02431148560937015
0.9924276473232866,-0.12027139665480381,-0.02494305464591459
0.9925267944773446,-0.12013201147162823,-0.02142106590036602
0.9925970687315888,-0.12001969676395598,-0.018609984797026653
0.992648623887647,-0.11992727571176388,-0.01631435056370834
0.9923714465754796,-0.12225729565453651,-0.015876576486423717
0.9921321295780119,-0.12423130182790346,-0.015505518538357296
0.9919234997376302,-0.1259250786102069,-0.015187009095431985
0.9913932004577801,-0.1300558310761593,-0.015000096305335687
0.9909150673387536,-0.13366829241180742,-0.014836337982973472
0.990482257180038,-0.1368541285632624,-0.01469168835523364
0.9900889491014864,-0.13968461674502725,-0.014562991173143264
0.9898984091186628,-0.14123025187492863,-0.012456146261381655
0.9897210735699472,-0.14262080382449452,-0.010559490897116783
0.9893433182706386,-0.14527940923688856,-0.009679454789540553
0.9889924647565073,-0.1476993066418641,-0.008878033135851403
0.9886659102829434,-0.14991122130676818,-0.008145156273032167
0.9883613447271533,-0.1519408288156185,-0.007472401752866451
0.9880767184772462,-0.15380975034580485,-0.006852671143289196
0.987074103921164,-0.16013918252874682,-0.006336843635105746
0.9861083919370562,-0.16599975058835792,-0.005858511407865312
0.9851794923675747,-0.17144112357537905,-0.005413775538328856
0.9845307157849026,-0.17514184103709302,-0.0049603623057975
0.9839117357017874,-0.1785976356824551,-0.0045366151404987775
0.9830842255071999,-0.18310642778163885,-0.004176321821488857
0.9822891794972738,-0.18733188525618502,-0.0038383080825194595
0.9815253622756076,-0.19129968290559263,-0.003520586592764404
0.980784287359309,-0.19506975945953495,-0.0031576278266356016
0.9800710877397484,-0.19862713716013228,-0.0028148463894809646
0.9793263413598408,-0.20227707465508574,-0.0019753955880894582
0.9786078652011792,-0.20573102074190036,-0.0011803689620815687
0.9779146455008444,-0.20900422084789025,-0.0004263598530879663
0.9770846675604274,-0.2128509016624914,-0.00021466204462990046
0.9762816505202713,-0.2165043617970613,-1.3426172753866191e-05
0.9752887813600054,-0.22093385468518978,0.00015750320333545177
0.9743245424760454,-0.22514791438011178,0.00032027976929425354
0.973388261804696,-0.2291616584730906,0.0004754647148377335
0.9724792082959903,-0.23298884220690985,0.0006235696332687517
0.9715965060619816,-0.23664243784988295,0.000765517220006127
0.97073946029269,-0.24013347946392835,0.0009012608968555764
0.9700036847627768,-0.24308320821309784,0.0018453811159738376
0.9692893553602793,-0.24590767042296516,0.0027501295250747866
0.9684482663497647,-0.2491939643342817,0.003213027155190213
0.9676303758054495,-0.25234516116559397,0.0036572469037293434
0.9668349549175391,-0.25536932440397997,0.004083883330237022
0.9657597190267471,-0.2594106292453942,0.003780283043268022
0.9647090671343261,-0.2632949848287029,0.0034880872797679453
0.963486336067039,-0.2677384484947701,0.0031942776532820362
0.9622893308492495,-0.27201244152226184,0.0029112524455213963
0.9611177578776426,-0.2761262285673079,0.0026384445129381626
0.9599712652498825,-0.28008842840661097,0.0023753246629548467
0.9591154566162725,-0.2830008432423638,0.0028396485469371732
0.9582795531739847,-0.28581372229366414,0.003288482523669197
0.9572735225215637,-0.28916031692216465,0.0037032683713990014
0.9562890136337502,-0.29239438366469406,0.004104485927970788
0.9553255579542235,-0.29552139224563884,0.004492776942041469
0.9543654854868622,-0.29860081884624157,0.004906230302372572
0.953425062109475,-0.3015832993591899,0.005307022627528724
0.9525038571035338,-0.3044732517484106,0.005695715287819295
0.9516014378940438,-0.3072748347021424,0.006072837620035214
0.9507173721552654,-0.309991966007092,0.006438889131255611
0.9498020521030845,-0.31277162127520775,0.007069281833929734
0.9489047002718718,-0.315469273361797,0.007681625253098234
0.9480249195398271,-0.31808842903561585,0.008276668723484553
0.9468873883346608,-0.3214573629482307,0.008332923804699069
0.9457694355195134,-0.32473038660815673,0.008387541380990196
0.9444954036304005,-0.3284164743789388,0.00842922757757359
0.943241980501252,-0.33199823944201917,0.00846966513361523
0.9420089389305135,-0.3354798913117191,0.008508907126373779
0.9409012704101684,-0.33856566445098235,0.008836865699800488
0.9396868306296413,-0.3419200613512658,0.008906850552600902
0.9384915223599628,-0.34518562042458756,0.008974960198906267
0.9373150976959354,-0.3483657031531305,0.009041266387199475
0.935841661414067,-0.3523089086965383,0.008877928520376005
0.9343882430164411,-0.3561496879903342,0.008718432028530206
0.932038104844018,-0.36226588037249907,0.008270612837607787
0.929700783509176,-0.3682324106018806,0.007832300093351072
0.9275563622325546,-0.3735948382651855,0.008129680406991096
0.925426529444476,-0.3788335148807577,0.008420605883370048
0.9233119550610697,-0.38395214824532964,0.008705256980809378
0.9212132360242581,-0.3889543224524441,0.008983808728746564
0.9191309018229339,-0.39384350166277127,0.009256430854650806
0.9170650977883911,-0.39862361835826804,0.009529811400578857
0.9150166134416916,-0.40329716977870605,0.009797447329972966
0.9129858041461388,-0.4078672920747342,0.01005949716694459
0.91109765070748,-0.4120558896488681,0.010536350458810823
0.9092558082307358,-0.4160931632388424,0.01097062917820118
0.9074326582451674,-0.42004297218181247,0.01139615157753943
0.9056282647008066,-0.42390788565427934,0.01181315601878581
0.9038601668520191,-0.4276583343442819,0.012047731907483188
0.9021099517718301,-0.43133153425216025,0.012277722667662704
0.900330904916184,-0.43502065757217134,0.012699966074008806
0.8985699607198196,-0.43863429408698706,0.013114180980614211
0.8968579415798141,-0.4421127895829386,0.013494958777674608
0.8951646093819609,-0.44551990812232933,0.013868438149720892
0.8934898823696215,-0.44885766147257494,0.01423481086953505
0.891833595441124,-0.4521283099552152,0.014588672989636401
0.8901956688215128,-0.4553334931074741,0.01493590526099186
0.8883049373383743,-0.459011641899485,0.014921491246040459
0.8864335406048045,-0.4626157766317537,0.014907088992481067
0.8847001651629244,-0.4659165518250992,0.015079273726010454
0.882985181162858,-0.46915313190921687,0.015248234867283734
0.8812884871291885,-0.47232722699246293,0.015414055117214621
0.8795260346318531,-0.4756026054297239,0.015366070194652283
0.8777830156647324,-0.4788134437577966,0.01531872995152277
0.8761418730165096,-0.48180475032974546,0.015479047348406215
0.8745185143648837,-0.48474000101701925,0.01563647808993571
0.8729568648706783,-0.48754722560043673,0.015620975784921547
0.8714122917169217,-0.49030305315816247,0.015605572993219071
0.8699556384397268,-0.4928724453187199,0.015935488460440975
0.8685150997166002,-0.4953959392358355,0.016259918600908318
0.8670905025104513,-0.49787468053449907,0.016578990887369485
0.8654559937854693,-0.5007115075387023,0.016550197555487534
0.8638391505524116,-0.5034967282350089,0.01652170177462185
0.8623518932849534,-0.5060350864228744,0.016664436889693116
0.8608809761236443,-0.5085288044278444,0.016804761693891224
0.8594685487603028,-0.5109130030009362,0.01678442898713663
0.8580716731176602,-0.5132562347135935,0.01676428706161107
0.8566901675860691,-0.5155594863954669,0.01674433483286426
0.8553595092616346,-0.5177656258137355,0.01669930062626772
0.8540753722659354,-0.5198716486186077,0.016991981973115078
0.8528053700099414,-0.5219429056674915,0.01728016509131978
0.8514414859310874,-0.5241607844235917,0.017403106271788624
0.85009245813842,-0.5263418272687551,0.017524082959358235
0.8489054815915119,-0.5282498023652055,0.017653034441833873
0.8477315332980027,-0.5301274546068783,0.01778002599125571
0.8465704388745491,-0.5319754688108487,0.017905100034102287
0.8451721704100722,-0.534195418932598,0.017867757434938646
0.8437888949148392,-0.5363789348183058,0.017830846911298093
0.8425241285057057,-0.5383596794348622,0.017942921849398347
0.8412729698811483,-0.540309049425328,0.01805328935266473
0.8402145265401911,-0.5419502260138264,0.018152187592815672
0.838964281718718,-0.5438902427906016,0.017953768333587788
0.8377277780133057,-0.5457992475263674,0.01775813460194843
0.8365048319241442,-0.5476779426087097,0.017565231209706867
0.8351559195285775,-0.549742759626405,0.017247849568013385
0.8338210579645607,-0.5517750029205357,0.016934858927772432
0.8325000803561508,-0.5537753935783923,0.016626174367515567
0.8314542717038303,-0.5553366481434379,0.01688198134889916
0.8304194972504882,-0.5568750972220885,0.017134312946135054
0.8292968084402765,-0.5585423206325232,0.017241797273103026
0.8281858693139469,-0.5601849878750546,0.017347773001947772
0.8272211016380795,-0.561605162267033,0.01746112023043226
0.8260358587358851,-0.5633480079583592,0.017429343413262917
0.8248628789406539,-0.565065078966618,0.01739791591500923
0.8237745844227041,-0.5666559730175714,0.01721749989720596
0.8226978059986301,-0.5682235280094372,0.017039431373985805
0.8216323858107151,-0.5697682329948872,0.016863666768411296
0.8205781680831871,-0.5712905639924832,0.016690163522004923
0.8196517183442692,-0.5726120327451791,0.01692691852408225
0.818733976510033,-0.573916644124897,0.017156960817269806
0.8178255240574248,-0.5752036204665859,0.017384107751924473
0.8169262344449087,-0.5764733049366125,0.017608411942056507
0.8159787923701527,-0.5778144088920624,0.01758178827263501
0.815040851419531,-0.5791374766339484,0.017555445747371976
0.8142921895387287,-0.5801857115172377,0.017685310499382434
0.8135507576938349,-0.581220989124788,0.01781365927007496
0.8126045505784699,-0.5825403437341229,0.017905091490771567
0.8116677095778095,-0.5838421841120385,0.01799536829290402
0.8107401103862383,-0.5851268442679309,0.018084510719469545
0.8097329020326332,-0.5865209116700077,0.018051247591042346
0.8087355644837384,-0.5878963567823471,0.018018335694855475
0.8078358407875884,-0.5891293928996231,0.01810560025881188
0.8069448729320335,-0.5903465343985471,0.018191794093198068
0.8060625453719381,-0.5915480762816695,0.018276936175637012
0.8052753049433039,-0.5926130404143531,0.01847884139564185
0.8044956152059982,-0.5936648229406074,0.01867841313440811
0.8037939274214401,-0.5946122347313441,0.01875133457154067
0.8030991552683178,-0.5955480052281491,0.01882339703898147
0.8023739507998964,-0.596521958660239,0.018910206606950995
0.8016556136166073,-0.5974842492743287,0.018996026586434508
0.8008600893899112,-0.5985510675765955,0.018966726794604205
0.8000720533501514,-0.5996049300714178,0.018937721143853774
0.7993431669500607,-0.6005701797149897,0.019130098989610485
0.798621071724164,-0.6015239879431634,0.019320344901179114
0.7978224714285357,-0.6025804385745612,0.01939379104127863
0.7970312799846142,-0.6036242193457932,0.019466395281856272
0.796247402315975,-0.6046555500072832,0.01953817162509066
0.7955527872122828,-0.6055632137080816,0.019721991844347496
0.794864524565245,-0.6064604069894147,0.019903827317888645
0.7941825326398316,-0.6073473054770315,0.020083709308096828
0.7935067309764271,-0.6082240809826271,0.020261668439274894
0.7928370403698898,-0.6090909016044299,0.020437734713431643
0.7923181177136305,-0.6097602333623083,0.020602382208690876
0.7918039677953639,-0.6104222130901191,0.02076531602647836
0.7912945271403734,-0.6110769593942894,0.020926562429671332
0.7905678445611984,-0.6120147240195778,0.02098715628904233
0.7898476314564727,-0.6129418725185672,0.021047089965895646
0.7891338072120249,-0.6138585792303956,0.02110637392578317
0.7884262924196386,-0.6147650147956688,0.0211650184196362
0.7877250088585928,-0.6156613462515336,0.021223033489092012
0.7871718340728701,-0.6163667190877237,0.02127372189790043
0.7866236241020431,-0.6170644748278132,0.021323881214317927
0.7860803147298562,-0.6177547340620562,0.02137351955407983
0.785553057876551,-0.6184159928991837,0.021634532287916713
0.7850302888709969,-0.6190703851948001,0.02189300641485485
0.7845119528783819,-0.6197180153549914,0.02214897820257426
0.7839228995532639,-0.6204575779053131,0.02229981111748282
0.7833740179417855,-0.6211454389514154,0.022438620358577688
0.78282992857325,-0.6218260408774574,0.022576045195450634
0.7822905712235173,-0.6224994959191567,0.022712105916863897
0.78164886840129,-0.6233032445471017,0.022762070732660344
0.7810125784379057,-0.6240985391514341,0.022811526709535106
0.7804083162185115,-0.6248556694945953,0.02276515489622256
0.7798090894070989,-0.6256050046563553,0.022719203925154623
0.7791875783800621,-0.6263772469064759,0.02276537405970411
0.7785712272130926,-0.6271415300127792,0.02281108259442011
0.7779869984178968,-0.6278677902868535,0.02276550489260474
0.7774075692009687,-0.6285867145934115,0.022720334189929872
0.776806103914613,-0.6293282184627768,0.022765552210893044
0.7762095620173084,-0.6300622229718683,0.02281032697367148
0.7756178860929294,-0.6307888387314466,0.022854664831687986
0.7750916758161025,-0.6314373999758255,0.022797017181096117
0.7745698369319512,-0.6320794768511203,0.02273989135471765
0.7739920626811257,-0.6327852570651369,0.022783883506213035
0.7734189342602247,-0.633484064076762,0.022827454710654047
0.7729196386745754,-0.6340882143089659,0.02296450795533724
0.7724243064786538,-0.6346865885465834,0.023100326406148824
0.7719328922712377,-0.6352792677428215,0.023234926423513394
0.7714453513107752,-0.6358663313704175,0.02336832408455865
0.7709616395042198,-0.6364478574547879,0.02350053518912588
0.7705486786035668,-0.6369395963756388,0.02372097112547146
0.7701388978541671,-0.6374268411342011,0.023939511558152732
0.7697322616535764,-0.6379096521542218,0.024156180537286822
0.7692626126088201,-0.6384711301626752,0.024282685004927168
0.7687965879044494,-0.6390274264141415,0.024408087122822327
0.7683268307297891,-0.6395944022246776,0.024349164740814284
0.7678607910491083,-0.6401560475062007,0.02429074742935254
0.7673397034652806,-0.6407792629197323,0.024325207046598265
0.7668226054557411,-0.6413966897657374,0.024359353842481217
0.7663985437820396,-0.6419018879339728,0.024397507158934073
0.7659776780638354,-0.6424026083573097,0.024435332689778537
0.765559973224301,-0.6428989094437798,0.024472834588700667
0.7650573469303268,-0.6434957069222922,0.024505735665532477
0.7645585040553565,-0.6440870776082308,0.024538344172422122
0.7640950275774386,-0.6446360459731458,0.024559256168328786
0.7636674196023394,-0.6451380364310945,0.024677645506334077
0.7632429765269126,-0.6456356279540725,0.024795053915832522
0.7628216642968457,-0.6461288772194201,0.02491149338281006
0.762364088294264,-0.646670577905238,0.024862834733014774
0.7619490959598886,-0.6471550611269397,0.024978030821010758
0.7615371338862819,-0.6476353687195262,0.02509228757587827
0.7611516579047717,-0.6480869936719404,0.025127719794754408
0.7607689745977814,-0.6485348083656151,0.02516286207121818
0.7603657432320156,-0.6490031672760462,0.025274995249950936
0.75996541700273,-0.64946755452012,0.025386228264976798
0.7595613280094736,-0.6499424579086295,0.02532568656866002
0.7591602194411147,-0.6504132604548676,0.025265625711370435
0.758708409856487,-0.6509390811797753,0.025295481926045135
0.7582598399100585,-0.6514604017809709,0.025325088172567872
0.7578969772790879,-0.6518812173638119,0.025358436061721768
0.7575366736761883,-0.65229859632268,0.02539151966853559
0.7571789026723422,-0.6527125800666138,0.025424342089658256
0.7568002848333445,-0.6531474452013336,0.025529271496452136
0.7564243102359793,-0.6535787575182409,0.02563338847938835
0.7560741468537137,-0.6539825667023164,0.02566489643227607
0.755726412740849,-0.6543831419635611,0.025696159241138467
0.755358870166164,-0.6548032573333007,0.0258006094307018
0.7549938643313097,-0.6552199890341937,0.02590426204521361
0.7546313696424265,-0.655633377234799,0.026007126086659716
0.7542713608394764,-0.6560434614782953,0.026109210423543455
0.7539138129910252,-0.6564502806944431,0.026210523793319195
0.753501562164159,-0.6569224573310606,0.026235107590651414
0.7530921372533304,-0.6573908059290317,0.0262594951815405
0.7526855100812615,-0.6578553721092727,0.026283688871264893
0.7522816528313562,-0.6583162007814132,0.02630769092963242
0.7518797257141224,-0.658774346902998,0.02632941174018599
0.7515321596672896,-0.6591732011107788,0.026269829142731058
0.7511869876565008,-0.6595688815665569,0.02621068569483467
0.7508706666584263,-0.6599278659976643,0.026238399945489307
0.7505564435216715,-0.6602841260299736,0.026265909482329035
0.7502442977933571,-0.6606376922279558,0.026293216544828368
0.7499342092803735,-0.6609885947051494,0.026320323340200184
0.749626158045347,-0.6613368631323929,0.026347232043973268
0.7492992102825465,-0.6617034594095074,0.026442868139489577
0.7490297862598961,-0.6620016345662751,0.026612311568784644
0.7487620941543337,-0.662297612343318,0.026780572099132
0.7484411185019645,-0.6626565463852578,0.026873661237184057
0.7481222226244634,-0.6630127978038101,0.02696608914538592
0.7478053867445263,-0.6633663962078103,0.027057862778345373
0.7475450268785213,-0.6636530589984462,0.0272222348677667
0.7472863151940335,-0.6639376466694247,0.027385478976817722
0.7470292363219687,-0.6642201814543691,0.02754760659188019
0.7467737750803883,-0.6645006852732577,0.027708629045056117
0.7464662238343817,-0.6648424961388096,0.027796258783432726
0.7461606236108709,-0.6651818145760412,0.027883280473454456
0.7458569562261277,-0.6655186674395841,0.0279697003655116
0.7455028362648539,-0.6659146424485337,0.02798589097563435
0.7451509642679803,-0.6663076846360632,0.028001961456791756
0.7448005314219827,-0.6666987870332953,0.028015991181196253
0.7444523064852456,-0.6670870161663532,0.028029916715350232
0.7442595974286175,-0.6672986306910146,0.028110302618241337
0.7440681050945047,-0.6675087792287839,0.028190151357731716
0.7438778180782959,-0.6677174768824592,0.028269468279335217
0.7435376177804821,-0.6680956623289895,0.02828421684463956
0.7431995324289858,-0.6684711135280913,0.028298858207539208
0.7429151516931017,-0.6687835912737244,0.028382836853198624
0.74263251399779,-0.669093880905639,0.028466255249908666
0.7423782564739392,-0.6693729208947983,0.028537993753596818
0.7421255877882748,-0.6696500002325302,0.028609249177146835
0.7418471924284885,-0.6699549767636909,0.028689234836980482
0.7415704808943578,-0.6702578489591761,0.02876869435218094
0.7412954381892092,-0.6705586382998154,0.028847632855499412
0.7410220494907339,-0.6708573659778634,0.028926055413680263
0.7407693249645899,-0.6711357384893356,0.028941798732626693
0.7405181082966424,-0.6714122415424416,0.028957437588916623
0.74024948034499,-0.6717050621032622,0.02903474459720336
0.7399824494507939,-0.6719959017760756,0.02911155270613459
0.7397170016222294,-0.6722847803936753,0.029187866692280323
0.7394531230276495,-0.6725717175274311,0.029263691271906356
0.7391907999933376,-0.672856732491554,0.029339031101908847
0.738899435288992,-0.6731789531463626,0.029286883930800277
0.7386097828379694,-0.6734989976258275,0.029235062733863847
0.7383522401167806,-0.6737780845415717,0.029309764687265035
0.7380961985976063,-0.6740553259555875,0.029383995076736547
0.7379086532867551,-0.6742571783248893,0.029463144467043328
0.7377221817045687,-0.6744577554662052,0.029541812952826662
0.7375367747301035,-0.6746570693555002,0.02962000488461281
0.7372860084256496,-0.6749279259766443,0.029692364618508497
0.7370338136060337,-0.6752059142216951,0.029633275239017272
0.7367831078483904,-0.6754820483726376,0.029574555204987463
0.7365808350420449,-0.6757024260400287,0.029578791259676874
0.7363797429838138,-0.6759213861960242,0.029582998596110285
0.7360864003015273,-0.6762461573982883,0.02946092149253138
0.735794773518196,-0.6765687239667543,0.029339615084463547
0.7355334607742449,-0.6768527420903636,0.029340988501036377
0.7352736749129724,-0.6771348828228875,0.029342348992661697
0.7350154027713368,-0.6774151645421653,0.02934369672009424
0.734796634752755,-0.6776518824140018,0.029356972200590904
0.7345790865758983,-0.6778871284459419,0.029370166030073527
0.7343627481720472,-0.6781209162200225,0.029383278954465637
0.7341476095816919,-0.6783532591528514,0.029396311710689908
0.733933660953071,-0.6785841704981084,0.029409265026805128
0.7337034814428524,-0.678830018200048,0.02947893670335918
0.733474571213099,-0.679074338768512,0.029548194697283224
0.7332927366447539,-0.6792650019912719,0.02967860262621678
0.7331118835295056,-0.679454512030564,0.02980825907577976
0.7328864549546104,-0.6796946901896006,0.029875948054027254
0.7326622564300744,-0.6799333940915732,0.029943239669505156
0.7324392780347215,-0.6801706371535793,0.03001013738839101
0.7322619357114083,-0.6803560068013694,0.030135718300321853
0.7320855368825674,-0.6805402732969011,0.030260586715101342
0.7318659053393871,-0.6807735532166188,0.03032599285396242
0.7316474566984336,-0.6810054221410579,0.030391020403951304
0.7314395009613608,-0.6812303085816108,0.03035659900579658
0.7312326230750748,-0.6814538907057678,0.030322364563425856
0.7310268147731974,-0.6816761797383138,0.030288315567746936
0.7308128850099459,-0.6819026613470309,0.03035271900960357
0.7306000928649877,-0.6821277925214466,0.030416754848104927
0.7303884293888476,-0.6823515852062013,0.030480426202342547
0.7301778857244839,-0.6825740512065547,0.030543736156433465
0.7298981841003286,-0.6828779252578975,0.030436491954763
0.7296199644625522,-0.6831799228528382,0.03032986100287971
0.7294118161626052,-0.6834046186260266,0.030274241245404183
0.729204790911485,-0.6836279607610426,0.030218937397531485
0.7290165376625625,-0.6838282758816351,0.030228743262664455
0.7288292625746358,-0.6840274406428789,0.030238493058773543
0.7286429581090652,-0.684225464861845,0.03024818726243054
0.7284576168037332,-0.6844223582448999,0.03025782634485543
0.7282570278182684,-0.6846330333356269,0.030320143452171943
0.7280574732233762,-0.6848424947894294,0.030382116683721837
0.7278589451207812,-0.6850507529832436,0.030443748861706
0.7276614356914659,-0.6852578181768998,0.03050504277770086
0.7275073372824178,-0.6854161571058837,0.030622961621124916
0.7273540123666347,-0.6855736120938336,0.030740252028424175
0.727133070489152,-0.6858101169697998,0.030691713260868635
0.7269132542525094,-0.6860452613735335,0.030643435495171574
0.7266945551857972,-0.6862790569028697,0.030595416647339287
0.7265005526890325,-0.6864868905980718,0.03054007170130982
0.7263075557760161,-0.6866935251408064,0.03048502833133033
0.7261179624126429,-0.6868913415284732,0.030544878374715534
0.7259293203429071,-0.6870880526444765,0.030604407847661923
0.7257830266636902,-0.6872374608207141,0.03071922283507003
0.7256374508548661,-0.6873860551847423,0.030833440521781066
0.7254925876869281,-0.6875338423277373,0.030947065537510175
0.7252662796031857,-0.6877724464863935,0.030949725760897866
0.7250411041865706,-0.6880097006061765,0.030952368434707788
0.7249389489406928,-0.6881098580768427,0.03111821855812346
0.7248372713207867,-0.6882094806571976,0.03128323573076763
0.7246148144825781,-0.6884436225876563,0.03128496684932849
0.7243934604383041,-0.6886764536272251,0.03128668556506931
0.7242136408604807,-0.6888630016629881,0.031342739693029746
0.7240347000290132,-0.6890485376431634,0.031398501966092646
0.7238718693073983,-0.6892193207880036,0.03140453276098538
0.7237098283627829,-0.6893891954970068,0.03141053108594225
0.7235485715043545,-0.6895581689586766,0.031416497200757974
0.7233880930954057,-0.6897262482862768,0.03142243136248165
0.7232531351480015,-0.6898628201071858,0.03153080925614352
0.7231188160211904,-0.6899986768711266,0.03163864460128775
0.7229851312226097,-0.6901338241476888,0.03174594144631759
0.7228520763015732,-0.6902682674490829,0.03185270379961468
0.7227345976190441,-0.6903886022062585,0.031910489625308444
0.7226176717271803,-0.6905083258256866,0.03196799138195378
0.7225012947508778,-0.6906274429342247,0.03202521115370637
0.7223854628509829,-0.6907459581123148,0.03208215100443813
0.7222163201670623,-0.6909203834214792,0.03213425986487722
0.7220479775012735,-0.6910938957369284,0.03218610665296667
0.7219192745188954,-0.6912234946717828,0.03228995961347335
0.7217911668481436,-0.6913524320013803,0.0323933052616139
0.7216636503964189,-0.691480712751762,0.03249614729210964
0.7215367211082694,-0.6916083418984413,0.032598489364021516
0.721448169133786,-0.6916935218209719,0.03275074234897238
0.7213600080109113,-0.6917782731100056,0.0329022749279794
0.7212346291300218,-0.6919041970251213,0.03300290718561348
0.7211098224680839,-0.6920294875949016,0.033103054831641714
0.7209855841426198,-0.6921541495604514,0.03320272134590017
0.7208383784694926,-0.6923073914699132,0.03320403351397384
0.7206918498039554,-0.6924598639365608,0.033205337870779755
0.7205694159573851,-0.6925825276642398,0.03330404121192443
0.7204475346327672,-0.692704581965138,0.03340227486371134
0.7202885775319267,-0.6928675976605888,0.03344932269984231
0.7201303473011784,-0.6930297911028955,0.033496142162360375
0.7199728390054468,-0.6931911684591044,0.03354273490248662
0.719830272229287,-0.6933391900074477,0.033543207689889006
0.719688350916006,-0.6934864809789192,0.03354367682999226
0.7195842537426419,-0.6935920465480052,0.03359426634107321
0.7194806204895919,-0.6936971069667717,0.03364462105363927
0.719377448074389,-0.6938016658407826,0.03369474259487768
0.7192237461366207,-0.6939587894899513,0.03374020573214122
0.7190707347304743,-0.6941151357431891,0.03378545228926487
0.7189551568178488,-0.6942302394498,0.03388004011945484
0.7188400867702727,-0.6943447875820713,0.03397419034671793
0.7186889473291339,-0.6944990525221797,0.03401856894015399
0.7185384810210543,-0.6946525614781226,0.034062738055521014
0.718388683392555,-0.6948053199605669,0.034106699166083713
0.7182395500290343,-0.6949573334270466,0.03415045373138228
0.718055481438718,-0.6951477166031161,0.03414641529186803
0.7178722345720663,-0.6953371497265031,0.034142393599905625
0.7177252335126595,-0.6954867529488358,0.03418575217665172
0.7175788786844928,-0.6956356335456096,0.03422890894411131
0.7174331658662239,-0.6957837967097869,0.03427186530204552
0.717288090872906,-0.6959312475849593,0.03431462263735435
0.7171436495555924,-0.6960779912659395,0.0343571823242272
0.7170354912106215,-0.6961849346784843,0.03444765697485452
0.7169277948651203,-0.6962913775654187,0.03453772543013939
0.716820557582066,-0.6963973234160612,0.03462739041108629
0.7167137764491232,-0.6965027756875143,0.0347166546145297
0.7166074485783847,-0.6966077378050342,0.03480552071339509
0.7164663239336556,-0.696750841779809,0.034846393617155406
0.7163264330813524,-0.6968925636695369,0.034888335744879616
0.7161871439141362,-0.6970336174819037,0.034930087205782626
0.7160484525847534,-0.6971740079038993,0.03497164929187882
0.7159446617175265,-0.6972762085413664,0.035058955494332356
0.7158413058830625,-0.6973779406364964,0.0351458774998021
0.7157240357340765,-0.6974966280456689,0.03517895020389349
0.7156072767255108,-0.6976147572777491,0.035211871944068066
0.7154910255381498,-0.6977323322459625,0.03524464374875032
0.7153889970130042,-0.6978374449158016,0.03523469066294674
0.6684661780488758,-0.7431073676815542,0.030731236586255675
0.675382634251375,-0.7347814966832915,0.06288441367727934
0.6775857661898601,-0.7317167668076501,0.07394662013546666
0.6683058675782355,-0.7406399005992916,0.06942481545365095
0.6626975875462002,-0.7459095348290073,0.06671486574684933
0.6538553467694339,-0.7544170144333602,0.05769015370475773
0.6475365919515893,-0.7603038961672788,0.05132589557500966
0.6427983933114786,-0.7646167832016136,0.046598287550062255
0.6378115539348079,-0.7689750181346254,0.04328790999942046
0.6338093380101623,-0.7724206230277673,0.04064608434419813
0.6261893983692691,-0.7788037089336329,0.03676438930745287
0.6198415426587192,-0.7840092649580087,0.03355494679569913
0.6179638782901792,-0.785399258733211,0.03561810648930164
0.6163445140167476,-0.7865883841357996,0.037391897305314316
0.614933624306368,-0.7876171947449084,0.03893317659266454
0.6110349186567572,-0.7906971218361504,0.037873337615769755
0.6077217988726683,-0.7932252682514741,0.038313039325339256
0.6047587896944979,-0.7954676403671447,0.0387045141549779
0.6028939244968529,-0.7968094444613332,0.04016995173017455
0.6012038376112018,-0.7980176254242298,0.041494760558864
0.5996650953958534,-0.7991111524932661,0.04269823561654415
0.5982582681349277,-0.800105573491295,0.043796299802185794
0.5953800012024387,-0.8022509163933482,0.043773522981557726
0.5927386980391688,-0.8042055599077368,0.04375218006356561
0.5915189832150828,-0.8050093497637875,0.045444903884581056
0.5903879227236095,-0.8057493973922145,0.047010736052359205
0.5893362105260938,-0.8064329660473186,0.048463411300360935
0.5884215153899961,-0.8069632082964454,0.050700105345532466
0.5875628622348955,-0.8074546050981242,0.05279151094797115
0.5867552821815548,-0.807911216075005,0.05475130840674499
0.5855599954456049,-0.8086438832545858,0.05669710582284651
0.584431184032472,-0.80932966283828,0.058529377072362665
0.5834008630857923,-0.8098896234013105,0.0610100881628269
0.5824208874358379,-0.8104143974256145,0.06335940596098835
0.5814876955875609,-0.8109071127380928,0.0655874560494468
0.5788085368432391,-0.8127457924876201,0.06652033126089371
0.5762638350400872,-0.8144794363429672,0.06740356221546334
0.5715716827282482,-0.8177758407513084,0.06744246278635924
0.5670928867632895,-0.8208851680932011,0.06747739315560326
0.5632001547601692,-0.8234590366205846,0.06870808311996539
0.5594664862656783,-0.8259016899882229,0.06988311112230887
0.5551794740068748,-0.8287317525661043,0.07056510419579297
0.5510613711624361,-0.8314202390579819,0.07121622917105322
0.5469640057149696,-0.8339787845483593,0.072868123177945
0.5430162389274716,-0.8364150812854613,0.07445250875086952
0.5392103561606003,-0.8387372918747018,0.07597333103036794
0.5355391375900345,-0.8409528942166521,0.07743424189567974
0.5313661248238769,-0.8435024100141083,0.07844568624243892
0.5279284164035551,-0.8454786361370766,0.08035834113160484
0.5246007023259734,-0.847370510907695,0.08220292186490334
0.5213779973316242,-0.8491830520838005,0.08398290273684439
0.5170827575823532,-0.8517096255071348,0.08494784064074581
0.512920792708878,-0.8541295239436049,0.08587791762011458
0.5081027470324656,-0.8570946020599747,0.0849731815204989
0.5034474246756849,-0.8599232489171594,0.08409932555721043
0.49901101881102494,-0.8625740561206242,0.08339065183098843
0.49428615242426654,-0.8652701796791905,0.08359853874055596
0.48969927360036675,-0.8678551839601504,0.08379738127630533
0.48447196604561876,-0.8708373118619578,0.08324235931863254
0.4793975369830378,-0.8736923394367936,0.08270246395398125
0.4744699517681031,-0.8764275094264911,0.08217715978087799
0.4696283909684745,-0.8790375932240098,0.08211019483171222
0.46491803339628957,-0.8815442085512329,0.08204285826753696
0.4603340577773816,-0.8839528321371969,0.08197527558257464
0.4558718479286561,-0.8862685879886399,0.08190755893526847
0.4510453148049346,-0.8887680089376754,0.08154477470370326
0.44634502340061205,-0.8911701765107604,0.08119012614405355
0.4419580136050575,-0.8933543460991982,0.08118575315870338
0.4376806520867869,-0.8954582707342018,0.08117962898780491
0.43324574506046865,-0.8976083920570103,0.08122375819812701
0.4289174158202133,-0.8996809866645671,0.08126483027965549
0.42406021399319666,-0.9020316659323777,0.08069577785301767
0.41932143922414783,-0.9042937329020289,0.08013972324074721
0.41469723699396116,-0.9064715291547669,0.07959628421850358
0.40993006292959433,-0.9086795452647269,0.07911275196848956
0.4052741148583113,-0.9108066322951575,0.07863949639313794
0.4007259376989462,-0.9128566140874079,0.07817624301649109
0.3960339970537928,-0.9149367194046966,0.07776806968523681
0.3914469922047338,-0.9169424504404743,0.0773679188946258
0.3869618086942429,-0.9188772037936276,0.07697559977346241
0.38217540814779005,-0.9209305157029617,0.07634751242933306
0.37749462131342404,-0.9229097387254226,0.07573258905653982
0.37228775787640517,-0.9250882132126446,0.0749241156797726
0.3671932330794739,-0.9271857930590971,0.07413254838474455
0.3622079461086149,-0.9292061607960795,0.0733574434831881
0.35723668578204887,-0.9311640601698103,0.072907087306595
0.35236610249338535,-0.9330525137936192,0.0724647246391573
0.34731934737621717,-0.9350167714045807,0.07150460216176785
0.3423793135100327,-0.9369082342836015,0.07056462436648356
0.3375430948361251,-0.9387301729869207,0.06964424924138886
0.3329366112927688,-0.9404215870532522,0.06899602499514124
0.3284231521328265,-0.9420536574248539,0.0683603662628749
0.32400025504569324,-0.9436289201295964,0.06773696055609063
0.31966552794510844,-0.9451497855184232,0.06712550318659595
0.315297846575298,-0.9466750787651159,0.06628395876862728
0.3110184621794932,-0.9481469269584468,0.06545930860280498
0.3070508843596698,-0.9494616741516557,0.06513281608436505
0.3031581806234994,-0.9507336890057464,0.0648118053333982
0.2993384528369601,-0.9519646715603927,0.06449616077014882
0.29602127396832656,-0.9529946584654233,0.0645955594026398
0.2927626370381506,-0.9539942029727438,0.06469234150088701
0.2891400811105218,-0.9551192066869898,0.06438411693124389
0.28558365760292975,-0.9562089756519939,0.06408095967365954
0.2820917231405127,-0.9572648635597215,0.06378276200984172
0.27846772385239116,-0.9583742211883856,0.06304426170575621
0.2749122500131077,-0.9594475066174718,0.06231963445212945
0.27161124828695205,-0.9604050452825411,0.062044168137254656
0.26836845979231533,-0.961333684707668,0.06177310446366009
0.26509285447093417,-0.9622730938118996,0.06128842822366428
0.26187585926106327,-0.963183738594195,0.060812170196343565
0.25880431998906567,-0.9640301180223276,0.06054961189680868
0.25578544562998445,-0.9648516882037415,0.06029117326989597
0.2527309188953158,-0.9656841561218349,0.05984307185956338
0.2497295970522603,-0.966491834163029,0.0594025492070811
0.24678019142976798,-0.9672756296011011,0.05896942850054083
0.243883154242158,-0.968036453813304,0.05853572554823662
0.24103551152515099,-0.9687751032294383,0.05810922083972696
0.2382360866483946,-0.9694923722889947,0.05768974858600235
0.2354837372289858,-0.9701890217188366,0.0572771475975946
0.23277735403065722,-0.9708657801703902,0.056871261148543524
0.23018857379957772,-0.9714947877705892,0.056666549451104546
0.22764124614974393,-0.9721065702919863,0.05646484788382321
0.2250640605077906,-0.972729041999028,0.05607476722554291
0.22252876850535053,-0.9733342045770514,0.055690873469992776
0.2199663411212631,-0.973948677647348,0.05512514927604361
0.21744614267374868,-0.9745457566580897,0.05456870179891599
0.2151662135976251,-0.9750517178105653,0.05456783045647499
0.21292028502492025,-0.9755446834793584,0.054566681776198736
0.21057709756741175,-0.9760727123334906,0.05421573773386928
0.2082705220014994,-0.9765866049446168,0.05387014672311506
0.2060629653022438,-0.9770640689430894,0.05370157829356825
0.20388846906855695,-0.9775292625363003,0.0535353440832948
0.20174763574650117,-0.9779826743012204,0.05336459722821945
0.1996384354418379,-0.9784245804509543,0.05319619783132135
0.19755893099586314,-0.9788552326766814,0.05303680085800533
0.19550977967479255,-0.9792750777601982,0.052879562491306716
0.19384311785126762,-0.9795973042051576,0.05304684020455114
0.1921982296819315,-0.9799124209545829,0.053211725832376607
0.19057470522497336,-0.9802206226987993,0.053374268748084625
0.18868388980837075,-0.9805857359330474,0.053385430703762185
0.18681907058831942,-0.9809421370679494,0.05339624133851623
0.18487289259202586,-0.9813277720912833,0.05308311696778443
0.18295475491827407,-0.9817038347143816,0.05277441198035617
0.18106407835072152,-0.9820706159561695,0.05247003722576906
0.17920029883895017,-0.9824283962827529,0.052169905820590216
0.17736286703131682,-0.9827774460502791,0.051873933081288
0.17555124782373865,-0.9831180259268183,0.05158203645925786
0.17376491992385482,-0.9834503872943603,0.05129413547793864
0.17200337543002764,-0.9837747726319692,0.05101015167194138
0.17026611942463504,-0.9840914158810703,0.05073000852815135
0.16855369858838246,-0.9844006733389393,0.05044764634766914
0.16686458706541815,-0.9847026328447782,0.05016905871201164
0.1651983273753237,-0.9849975046310927,0.04989417303569718
0.16355447350112576,-0.9852854917010041,0.04962291850828838
0.16193259054787337,-0.9855667901165723,0.049355226043157
0.1603322544126679,-0.9858415892740984,0.04909102822788989
0.1587530514657474,-0.9861100721670601,0.04883025927628244
0.15723767473872646,-0.9863586005915993,0.04871370117061867
0.1557414999018932,-0.9866016255915077,0.04859853483905869
0.1542641745885633,-0.9868392953111003,0.04848473644767417
0.15276300102556567,-0.9870847928565645,0.04823978885708674
0.1512810920992796,-0.9873247843782839,0.047997930430639484
0.14977861850512308,-0.9875722496119936,0.04761740474871398
0.14829573821825578,-0.9878140435617347,0.04724181800605955
0.1469098221528455,-0.9880257318270373,0.047145067638794336
0.14554077343930433,-0.9882328850209112,0.04704942326889461
0.14418829386763293,-0.9884356207684013,0.04695486670970537
0.1428520920200172,-0.9886340530527965,0.0468613801536513
0.14156928555773637,-0.9888167327591894,0.04689996164298908
0.140301287502055,-0.9889956378231358,0.046938013294922774
0.13897482989263413,-0.9891933874328722,0.0467165807331092
0.137664460935571,-0.9893869069282291,0.04649779128421618
0.1363698967136688,-0.9895763057256824,0.04628159911470108
0.13509085977655538,-0.9897616898628834,0.04606795941433157
0.13382707896305987,-0.989943162120015,0.04585682836874526
0.1325782892292177,-0.9901208221361928,0.04564816313285173
0.1313110978074077,-0.9903051010574169,0.045312276617630334
0.13005919390596643,-0.9904854201450404,0.044980424193566335
0.12892078150711148,-0.9906321448170741,0.04502650053822996
0.1277948046823292,-0.9907759595180974,0.04507200835550595
0.12658481272599897,-0.9909460058017824,0.044747053228315944
0.12538911035866204,-0.9911124601878434,0.04442591882970689
0.12420745148119734,-0.9912754136590202,0.04410853966846275
0.12307006124254227,-0.9914256801303217,0.04391902553433849
0.12194552062130144,-0.9915729097236707,0.04373162131150138
0.12083361750625675,-0.9917171760491889,0.04354629271675971
0.11973414432760515,-0.9918585505889768,0.043363006188111855
0.11861781729647351,-0.9920058518710652,0.04306046067313604
0.1175141902751682,-0.9921501311142212,0.04276134251873998
0.11642305212162632,-0.9922914623112955,0.04246559500108187
0.11537227416050994,-0.9924215869197224,0.042292223525985405
0.11433293692411448,-0.992549154974171,0.04212071336487009
0.11330485805431599,-0.9926742264102345,0.041951035292752355
0.11226008450819397,-0.9928047254559424,0.04167073959703524
0.11122683826815383,-0.9929326093458125,0.041393523002833485
0.11023208290103355,-0.9930503209316442,0.04123042562062617
0.10924788382916359,-0.9931657637060398,0.0410690355505003
0.10830064286156788,-0.9932715613143018,0.041019217935257875
0.10736306280232068,-0.9933753781660889,0.040969876727721524
0.10660661200429888,-0.9934546039649907,0.041024140913956675
0.10585729185832528,-0.9935325071235884,0.041077865683821956
0.10494550718605164,-0.993631256477337,0.04102885171109226
0.10404285043066724,-0.993728182334794,0.04098029902097185
0.10317419764624214,-0.9938163287663023,0.041038879340489436
0.10231389691617425,-0.9939028697916871,0.041096860192419316
0.10146183028065507,-0.9939878392894937,0.041154250578804
0.10073349200453974,-0.9940641478897208,0.04110028550818859
0.1000120178937902,-0.9941392033168419,0.04104681114735897
0.09915900736345079,-0.9942266047824598,0.04099938537878132
0.09831426653955369,-0.994312428994592,0.04095239360115257
0.09747767755859431,-0.9943967092909936,0.04090583001267446
0.0966491247507547,-0.9944794781728462,0.04085968891189312
0.09582849458997184,-0.994560767329199,0.04081396469561154
0.09514996034789881,-0.994627993990364,0.04076320174492729
0.09447761905198797,-0.9946941441285384,0.040712886592107485
0.09365630635066445,-0.9947777403658215,0.04056776495471194
0.09284294110779757,-0.9948598323418562,0.04042403096164405
0.09203741018757707,-0.9949404517770308,0.04028166510562223
0.09123960255898093,-0.9950196295973063,0.04014064823739978
0.09044940924784986,-0.995097395957387,0.04000096155772309
0.08968788704225078,-0.9951679365542393,0.03996074288941499
0.08893335578903025,-0.995237249163172,0.03992087306440435
0.08822676873676909,-0.9952937439725859,0.04007992623872192
0.08752622139482537,-0.9953492337006222,0.04023758864455181
0.08675056130284467,-0.9954265504452889,0.04000403457445354
0.0859823238151622,-0.9955024720288822,0.039772706416953
0.08540596939560464,-0.9955499972647628,0.03982490850871945
0.08483442132630589,-0.9955967923763495,0.03987665944077001
0.08412456780069803,-0.9956585612689055,0.03983825378049415
0.08342101223721841,-0.9957192782581364,0.03980017113548059
0.08270437253987035,-0.9957843094663112,0.03966857425579824
0.08199422783522547,-0.9958482217347399,0.039538157132844295
0.08129049133241219,-0.9959110373372849,0.039408904180503135
0.0805930777598675,-0.9959727780226196,0.03928080008219832
0.07988332310995382,-0.9960385697302744,0.03906177541510576
0.07918007513991154,-0.9961032080259432,0.03884475075556968
0.07848324592283386,-0.9961667161926814,0.03862969918735731
0.07782886567469767,-0.9962192826929095,0.03859803697877056
0.07718006916539547,-0.9962709731631454,0.03856663008591518
0.07653678604902998,-0.9963218041930106,0.03853547548518467
0.07588136635511039,-0.9963765882213307,0.03841500598076845
0.07523163836485966,-0.9964304540538935,0.03829557184441323
0.07458752910593619,-0.9964834193103468,0.038177159944535265
0.07393227443315115,-0.9965402488042429,0.03796776672809604
0.07328280052706553,-0.9965961054410096,0.037760214071457965
0.07268860754726315,-0.9966371899350507,0.03782430397516377
0.07209917144181739,-0.9966775903935325,0.03788786461052296
0.07151443593459672,-0.9967173192321082,0.03795090243612389
0.07106200903331149,-0.9967443054740353,0.03809173633785539
0.0704537203797822,-0.9967918465087633,0.037977467244373585
0.06985052677609632,-0.9968386079839832,0.03786414585933078
0.06925236515352165,-0.9968846044023375,0.03775176057137719
0.06867500620205459,-0.9969255434633818,0.03772538022855003
0.06810228445749092,-0.9969658214546766,0.037699200294870665
0.0675185787912819,-0.9970096897950745,0.03758882776483774
0.06693966622216098,-0.9970528467414683,0.0374793528599388
0.06636548855389393,-0.9970953053083839,0.037370764789919825
0.06581078531060118,-0.9971328553804004,0.03734982272690924
0.06526045299520687,-0.9971698032027951,0.037329035017787345
0.06472972708964929,-0.9972021991988349,0.03738764961730508
0.0642030224164115,-0.9972340665124803,0.037445807503373583
0.06366561255049911,-0.9972694343942221,0.03742145108888882
0.06313237228436958,-0.9973042401832566,0.03739727372744033
0.06260325373294116,-0.9973384937178971,0.037373273479388645
0.06207820973453243,-0.9973722046347284,0.037349448432568065
0.06157140165689239,-0.9974014787872307,0.03740658512950422
0.06106834890243498,-0.9974302777079397,0.03746328701265734
0.060527064007893955,-0.9974701751098396,0.03727900600780574
0.0599901354496247,-0.9975094262177044,0.03709620271081413
0.05945751136331119,-0.9975480426944717,0.036914859594887134
0.0589427699622088,-0.9975823133562876,0.03681409985181884
0.05843200672012557,-0.9976160456690135,0.03671411192416243
0.057938587139756026,-0.9976455851994777,0.03669341156448552
0.057448840837694984,-0.9976746625251289,0.03667285701681052
0.05694952689653508,-0.9977068991116532,0.036574510950525524
0.05645401552641328,-0.9977386327904808,0.03647690732951064
0.055975253070823724,-0.997766321350996,0.036457358946560214
0.05550000304580996,-0.9977935787220845,0.0364379461947342
0.05502822725992422,-0.9978204121226579,0.03641866768566886
0.05455988806870339,-0.9978468286307728,0.036399522049607974
0.05409494836499935,-0.997872835186815,0.03638050793509501
0.05363337156950924,-0.9978984385966033,0.036361624008670435
0.05317512162150329,-0.9979236455344106,0.03634286895458771
0.05272016296974975,-0.9979484625459093,0.036324241474515864
0.05226846056362137,-0.9979728960510416,0.036305740287261294
0.05181997984439143,-0.9979969523468163,0.036287364128488556
0.05137468673670818,-0.9980206376100337,0.03626911175045272
0.0509322441606631,-0.9980438613253243,0.03625406702144233
0.050492926263554665,-0.9980667264498213,0.03623912183098158
0.050057000010316995,-0.9980893349609814,0.036221211839379486
0.04962412969886509,-0.9981115959967807,0.0362034209487098
0.049308555560348924,-0.9981225980310299,0.03633105625135168
0.048994960411032205,-0.9981334161820211,0.03645788467711131
0.04854739788846074,-0.9981613730818663,0.036290817648309444
0.04810311871205149,-0.9981888981348216,0.03612497211853874
0.04767335032843513,-0.9982128564667221,0.03603255268517048
0.04724662299975057,-0.9982364533440282,0.03594078227105202
0.046844814975444425,-0.9982533982933869,0.035996056806557555
0.04644566468897862,-0.9982700679679223,0.0360509588072022
0.04603820396785752,-0.998289545989681,0.03603423570898338
0.04563350563205059,-0.9983087268915988,0.03601762035177973
0.04523154188284114,-0.9983276153521039,0.0360011117089809
0.04483228529058133,-0.9983462159644774,0.035984708766822665
0.04443570878863876,-0.9983645332386436,0.035968410524188796
0.044149541920523415,-0.99837289933904,0.0360883889023443
0.043865092640879226,-0.9983811197693956,0.03620764195048684
0.043496019092828284,-0.9983927144392553,0.036332961311895534
0.043129243408279665,-0.9984040863230821,0.03645749273333582
0.04276474435784236,-0.9984152388956787,0.03658124356679601
0.042392275994827255,-0.9984291461899758,0.03663516035633528
0.042022181010127675,-0.9984428243879782,0.036688727578224334
0.041644617405170115,-0.9984593138575554,0.036670484211103346
0.041269518862550744,-0.9984755538734617,0.03665235503944635
0.041010282207055875,-0.9984794040636129,0.03683797516246125
0.04075250759845042,-0.9984831318189303,0.0370225417482215
0.040383620506251945,-0.9984988282997594,0.03700341982593594
0.04001711329189106,-0.9985142881184736,0.03698441654321278
0.0397644946784281,-0.9985176061705341,0.037166855266964595
0.03951328400458322,-0.9985208095237704,0.03734827084574827
0.039254115061183245,-0.9985268905205199,0.037458822167616736
0.03899643320750969,-0.9985328579251032,0.03756873488710847
0.03864886476535389,-0.9985445306824438,0.03761762215408394
0.038303433718480114,-0.9985560094843996,0.03766620352471879
0.037960120536414885,-0.9985672972354857,0.03771448184289727
0.03761915315221045,-0.9985784909069586,0.0377597247618629
0.03728026263876236,-0.9985894990695848,0.03780468708428261
0.03693424907309811,-0.9986031514625066,0.037783688736763625
0.036590396667363266,-0.9986165993517837,0.037762817304911295
0.03624868535861087,-0.9986298457573309,0.037742071650370544
0.03590909532995217,-0.9986428936479628,0.03772145064824772
0.03557160700681907,-0.9986557459423896,0.037700953186913425
0.03523620105329317,-0.9986684055101931,0.03768057816780934
0.034902858368505416,-0.9986808751727785,0.037660324505258615
0.03457156008309196,-0.9986931577043062,0.03764019112627878
0.034242287555724636,-0.9987052558326037,0.037620176970403846
0.033923669267270154,-0.9987144722164325,0.03766414274741249
0.033606928347853046,-0.9987235317059519,0.03770784512290088
0.033283511263501334,-0.9987351191286803,0.037687792413370474
